#DataThief C:\Users\qwexva\Pictures\Screenshots\trial.png Wednesday 30-Dec-2015 12:47:11 PM
 262.7085 13.9567
 261.4344 13.9569
 260.1663 13.9569
 258.9045 13.9569
 257.6488 13.9569
 256.3991 13.9569
 255.1556 13.9569
 253.918 13.9569
 252.6865 13.9569
 251.4609 13.9569
 250.2413 13.9569
 249.0276 13.9569
 247.8197 13.9569
 246.6178 13.9571
 245.4192 13.9808
 244.2288 13.9809
 243.0443 13.9809
 241.8655 13.9809
 240.6924 13.9809
 239.525 13.9809
 238.3633 13.9809
 237.2072 13.9809
 236.0567 13.9809
 234.9118 13.9809
 233.77 14.0048
 232.6362 14.0048
 231.5079 14.0048
 230.385 14.0048
 229.2676 14.0048
 228.1556 14.0049
 227.049 14.0049
 225.9478 14.0049
 224.8519 14.0049
 223.7614 14.0049
 222.6761 14.0049
 221.5937 14.0287
 220.5191 14.0287
 219.4495 14.0288
 218.3851 14.0288
 217.3259 14.0288
 216.2719 14.0288
 215.2229 14.0288
 214.1791 14.0288
 213.1403 14.0289
 212.1065 14.0289
 211.0777 14.0289
 210.054 14.0289
 209.0352 14.0289
 208.0192 14.0527
 207.0103 14.0527
 206.0063 14.0528
 205.0071 14.0528
 204.0128 14.0528
 203.0233 14.0528
 202.0386 14.0528
 201.0587 14.0528
 200.0835 14.0529
 199.1131 14.0529
 198.1473 14.0529
 197.1863 14.0529
 196.2299 14.0529
 195.2782 14.0529
 194.3291 14.0767
 193.3865 14.0767
 192.4485 14.0768
 191.5152 14.0768
 190.5863 14.0768
 189.6619 14.0768
 188.742 14.0768
 187.8266 14.0768
 186.9156 14.0769
 186.009 14.0769
 185.1069 14.0769
 184.2091 14.0769
 183.3155 14.0769
 182.4264 14.0769
 181.5417 14.077
 180.6612 14.077
 179.785 14.077
 178.913 14.077
 178.0452 14.077
 177.1817 14.077
 176.3223 14.0771
 175.4671 14.0771
 174.616 14.0771
 173.7692 14.0771
 172.9245 14.1009
 172.0859 14.1009
 171.2511 14.1009
 170.4205 14.1009
 169.5941 14.101
 168.7715 14.101
 167.9529 14.101
 167.1383 14.101
 166.3277 14.101
 165.521 14.101
 164.7182 14.1011
 163.9193 14.1011
 163.1242 14.1011
 162.3331 14.1011
 161.5457 14.1011
 160.7622 14.1011
 159.9825 14.1012
 159.2065 14.1012
 158.4343 14.1012
 157.6659 14.1012
 156.9012 14.1012
 156.1402 14.1012
 155.3829 14.1013
 154.6293 14.1013
 153.8793 14.1013
 153.133 14.1013
 152.3902 14.1013
 151.6511 14.1013
 150.9156 14.1013
 150.1836 14.1014
 149.4552 14.1014
 148.7303 14.1014
 148.009 14.1014
 147.2911 14.1014
 146.5767 14.1014
 145.8658 14.1015
 145.1583 14.1015
 144.4543 14.1015
 143.7536 14.1015
 143.0564 14.1015
 142.3626 14.1015
 141.6735 14.0778
 140.9864 14.0778
 140.3026 14.0778
 139.6221 14.0778
 138.9449 14.0779
 138.271 14.0779
 137.6002 14.0779
 136.933 14.0779
 136.2688 14.0779
 135.6078 14.0779
 134.9502 14.078
 134.2955 14.078
 133.6442 14.078
 132.9973 14.0542
 132.3524 14.0542
 131.7104 14.0543
 131.0716 14.0543
 130.4359 14.0543
 129.8033 14.0543
 129.1737 14.0543
 128.5472 14.0543
 127.9237 14.0544
 127.3033 14.0544
 126.6858 14.0544
 126.0727 14.0306
 125.4612 14.0306
 124.8527 14.0307
 124.2471 14.0307
 123.6444 14.0307
 123.0448 14.0307
 122.448 14.0307
 121.854 14.0307
 121.2631 14.0308
 120.675 14.0308
 120.0909 14.007
 119.5084 14.007
 118.9287 14.0071
 118.3519 14.0071
 117.7779 14.0071
 117.2067 14.0071
 116.6381 14.0071
 116.0725 14.0071
 115.5095 14.0072
 114.9505 13.9834
 114.3929 13.9834
 113.838 13.9834
 113.286 13.9834
 112.7365 13.9835
 112.1897 13.9835
 111.6456 13.9835
 111.1052 13.9597
 110.5663 13.9598
 110.0301 13.9598
 109.4964 13.9598
 108.9653 13.9598
 108.4368 13.9598
 107.9109 13.9598
 107.3886 13.9361
 106.8677 13.9361
 106.3494 13.9361
 105.8336 13.9361
 105.3203 13.9361
 104.8094 13.9362
 104.3011 13.9362
 103.7963 13.9123
 103.2929 13.9123
 102.7919 13.9123
 102.2933 13.9125
 101.7972 13.9125
 101.3035 13.9125
 100.8121 13.9125
 100.3242 13.8888
 99.8376 13.8888
 99.3534 13.8888
 98.8715 13.8888
 98.3919 13.8888
 97.9146 13.8888
 97.4398 13.8889
 96.9682 13.8651
 96.4979 13.8651
 96.0299 13.8651
 95.5641 13.8651
 95.1006 13.8652
 94.6393 13.8652
 94.1813 13.8414
 93.7245 13.8414
 93.2699 13.8415
 92.8175 13.8415
 92.3674 13.8415
 91.9194 13.8415
 91.4735 13.8415
 91.0308 13.8178
 90.5893 13.8178
 90.1499 13.8178
 89.7127 13.8178
 89.2775 13.8178
 88.8445 13.8178
 88.4144 13.7941
 87.9857 13.7941
 87.5589 13.7941
 87.1343 13.7941
 86.7117 13.7941
 86.2911 13.7942
 85.8734 13.7704
 85.4569 13.7704
 85.0424 13.7704
 84.63 13.7705
 84.2195 13.7705
 83.811 13.7705
 83.4054 13.7467
 83.0008 13.7467
 82.5983 13.7468
 82.1977 13.7468
 81.799 13.7468
 81.4022 13.7468
 81.0083 13.7231
 80.6154 13.7231
 80.2244 13.7231
 79.8353 13.7231
 79.448 13.7231
 79.0627 13.7231
 78.6792 13.7231
 78.2984 13.6994
 77.9186 13.6994
 77.5407 13.6994
 77.1647 13.6994
 76.7904 13.6995
 76.418 13.6995
 76.0481 13.6757
 75.6792 13.6757
 75.3122 13.6758
 74.9468 13.6758
 74.5834 13.6758
 74.2217 13.6758
 73.8624 13.652
 73.5042 13.6521
 73.1477 13.6521
 72.7929 13.6521
 72.4398 13.6521
 72.0885 13.6521
 71.7388 13.6521
 71.3916 13.6284
 71.0454 13.6284
 70.7008 13.6284
 70.3578 13.6284
 70.0166 13.6284
 69.677 13.6284
 69.3397 13.6047
 69.0035 13.6047
 68.6688 13.6047
 68.3357 13.6048
 68.0043 13.6048
 67.6745 13.6048
 67.3469 13.581
 67.0203 13.581
 66.6952 13.5811
 66.3717 13.5811
 66.0498 13.5811
 65.7295 13.5811
 65.4113 13.5574
 65.0941 13.5574
 64.7784 13.5574
 64.4642 13.5574
 64.1515 13.5574
 63.8404 13.5574
 63.5307 13.5575
 63.2232 13.5337
 62.9165 13.5337
 62.6114 13.5337
 62.3078 13.5337
 62.0056 13.5338
 61.7048 13.5338
 61.4062 13.51
 61.1083 13.51
 60.8119 13.5101
 60.517 13.5101
 60.2235 13.5101
 59.9314 13.5101
 59.6407 13.5101
 59.3519 13.4864
 59.0642 13.4864
 58.7776 13.4864
 58.4926 13.4864
 58.2089 13.4864
 57.9266 13.4864
 57.6457 13.4865
 57.3666 13.4627
 57.0884 13.4627
 56.8115 13.4627
 56.536 13.4628
 56.2618 13.4628
 55.9889 13.4628
 55.7173 13.4628
 55.4476 13.439
 55.1787 13.4391
 54.9111 13.4391
 54.6448 13.4391
 54.3797 13.4391
 54.116 13.4391
 53.8535 13.4391
 53.5929 13.4154
 53.3329 13.4154
 53.0742 13.4154
 52.8168 13.4154
 52.5607 13.4154
 52.3057 13.4155
 52.052 13.4155
 51.8001 13.3917
 51.5489 13.3917
 51.2988 13.3918
 51.05 13.3918
 50.8024 13.3918
 50.556 13.3918
 50.3108 13.3918
 50.0668 13.3918
 49.8245 13.3681
 49.5828 13.3681
 49.3423 13.3681
 49.103 13.3681
 48.8649 13.3681
 48.6279 13.3682
 48.392 13.3682
 48.1578 13.3444
 47.9242 13.3444
 47.6918 13.3445
 47.4605 13.3445
 47.2303 13.3445
 47.0012 13.3445
 46.7732 13.3445
 46.5464 13.3445
 46.3211 13.3208
 46.0964 13.3208
 45.8728 13.3208
 45.6503 13.3208
 45.4289 13.3208
 45.2086 13.3209
 44.9893 13.3209
 44.7715 13.2971
 44.5544 13.2971
 44.3383 13.2971
 44.1233 13.2972
 43.9093 13.2972
 43.6963 13.2972
 43.4844 13.2972
 43.2735 13.2972
 43.064 13.2735
 42.8552 13.2735
 42.6473 13.2735
 42.4405 13.2735
 42.2346 13.2735
 42.0298 13.2736
 41.8258 13.2736
 41.6231 13.2736
 41.4216 13.2498
 41.2207 13.2498
 41.0208 13.2499
 40.8218 13.2499
 40.6238 13.2499
 40.4268 13.2499
 40.2307 13.2499
 40.036 13.2262
 39.8418 13.2262
 39.6486 13.2262
 39.4563 13.2262
 39.2649 13.2262
 39.0745 13.2263
 38.8849 13.2263
 38.6966 13.2025
 38.509 13.2025
 38.3223 13.2025
 38.1364 13.2026
 37.9514 13.2026
 37.7673 13.2026
 37.5842 13.2026
 37.4022 13.1789
 37.2209 13.1789
 37.0403 13.1789
 36.8607 13.1789
 36.6819 13.1789
 36.504 13.1789
 36.3269 13.1789
 36.1511 13.1552
 35.9758 13.1552
 35.8013 13.1552
 35.6276 13.1552
 35.4548 13.1553
 35.2829 13.1553
 35.1118 13.1553
 34.9418 13.1315
 34.7723 13.1315
 34.6037 13.1316
 34.4359 13.1316
 34.2688 13.1316
 34.1026 13.1316
 33.9376 13.1078
 33.773 13.1078
 33.6092 13.1078
 33.4462 13.1078
 33.2839 13.1078
 33.1228 13.0842
 32.9622 13.0842
 32.8023 13.0842
 32.6432 13.0842
 32.4849 13.0842
 32.3273 13.0842
 32.1709 13.0605
 32.0148 13.0605
 31.8596 13.0605
 31.705 13.0605
 31.5513 13.0606
 31.3985 13.0368
 31.2463 13.0368
 31.0947 13.0368
 30.9439 13.0368
 30.7938 13.0369
 30.6448 13.0131
 30.4961 13.0131
 30.3482 13.0131
 30.201 13.0132
 30.0549 12.9893
 29.9091 12.9893
 29.764 12.9893
 29.6197 12.9893
 29.4763 12.9657
 29.3333 12.9657
 29.1911 12.9657
 29.0495 12.9657
 28.9085 12.9658
 28.7687 12.942
 28.6291 12.942
 28.4903 12.942
 28.3521 12.942
 28.2149 12.9183
 28.078 12.9183
 27.9418 12.9183
 27.8063 12.9183
 27.6717 12.8946
 27.5375 12.8946
 27.404 12.8946
 27.271 12.8946
 27.1388 12.8946
 27.0074 12.8709
 26.8763 12.8709
 26.7461 12.8709
 26.6162 12.8709
 26.4875 12.8472
 26.3591 12.8472
 26.2312 12.8472
 26.1042 12.8234
 25.9776 12.8235
 25.8516 12.8235
 25.7265 12.7997
 25.6017 12.7997
 25.4776 12.7997
 25.3542 12.776
 25.2313 12.776
 25.1089 12.776
 24.9874 12.7523
 24.8662 12.7523
 24.7456 12.7523
 24.6258 12.7285
 24.5064 12.7286
 24.3875 12.7286
 24.2695 12.7048
 24.1518 12.7048
 24.0349 12.6811
 23.9183 12.6811
 23.8023 12.6811
 23.6871 12.6574
 23.5722 12.6574
 23.4581 12.6336
 23.3443 12.6336
 23.2311 12.6336
 23.1187 12.6099
 23.0065 12.6099
 22.8952 12.5861
 22.7841 12.5862
 22.6738 12.5624
 22.5638 12.5624
 22.4544 12.5624
 22.3458 12.5387
 22.2374 12.5387
 22.1297 12.5149
 22.0224 12.515
 21.9158 12.4912
 21.8094 12.4912
 21.704 12.4675
 21.5987 12.4675
 21.4942 12.4437
 21.3899 12.4437
 21.2864 12.42
 21.1831 12.42
 21.0806 12.3961
 20.9784 12.3963
 20.8768 12.3725
 20.7755 12.3725
 20.675 12.3488
 20.5749 12.325
 20.4752 12.325
 20.3761 12.3013
 20.2774 12.2775
 20.1791 12.2775
 20.0814 12.2538
 19.984 12.2538
 19.8873 12.23
 19.791 12.2063
 19.6949 12.2063
 19.5997 12.1825
 19.5047 12.1825
 19.4102 12.1588
 19.3163 12.135
 19.2227 12.1113
 19.1296 12.1113
 19.037 12.0875
 18.9447 12.0638
 18.8532 12.04
 18.7617 12.04
 18.6709 12.0163
 18.5805 11.9925
 18.4904 11.9925
 18.4009 11.9687
 18.3119 11.9449
 18.2232 11.9212
 18.135 11.8975
 18.0472 11.8737
 17.9597 11.8737
 17.8728 11.85
 17.7863 11.8262
 17.7002 11.8025
 17.6145 11.7787
 17.5293 11.755
 17.4444 11.7311
 17.3599 11.7074
 17.276 11.6837
 17.1924 11.6599
 17.1091 11.6362
 17.0263 11.6124
 17.0265 11.5886
 17.0267 11.5649
 16.9441 11.5649
 16.9443 11.5411
 16.862 11.5411
 16.8622 11.5173
 16.7806 11.4936
 16.6994 11.4698
 16.6186 11.4461
 16.6188 11.4223
 16.5383 11.3985
 16.4583 11.3748
 16.3786 11.351
 16.3788 11.3272
 16.2995 11.3035
 16.2206 11.2797
 16.1421 11.256
 16.1423 11.2322
 16.0641 11.2084
 15.9864 11.1847
 15.909 11.1609
 15.9092 11.1372
 15.8322 11.1134
 15.7555 11.0896
 15.7557 11.0659
 15.6794 11.0421
 15.6035 11.0183
 15.6037 10.9946
 15.5282 10.9708
 15.5283 10.947
 15.4532 10.9233
 15.3784 10.8995
 15.3785 10.8758
 15.3041 10.8519
 15.3043 10.8282
 15.2302 10.8045
 15.1565 10.7807
 15.1566 10.7569
 15.0833 10.7332
 15.0834 10.7094
 15.0104 10.6856
 15.0106 10.6619
 14.9379 10.6381
 14.9381 10.6143
 14.8658 10.5906
 14.8659 10.5668
 14.794 10.543
 14.7941 10.5192
 14.7225 10.4955
 14.7227 10.4717
 14.6514 10.448
 14.6515 10.4242
 14.5806 10.4003
 14.5808 10.3767
 14.5102 10.3529
 14.5104 10.3291
 14.4401 10.3054
 14.4403 10.2816
 14.4404 10.2578
 14.3705 10.2341
 14.3707 10.2103
 14.3011 10.1865
 14.3013 10.1628
 14.232 10.139
 14.2322 10.1152
 14.1633 10.0915
 14.1634 10.0677
 14.1636 10.0439
 14.095 10.0202
 14.0952 9.9964
 14.0269 9.9726
 14.0271 9.9489
 14.0272 9.9251
 13.9593 9.9013
 13.9595 9.8776
 13.8919 9.8538
 13.8921 9.83
 13.8921 9.8063
 13.825 9.7825
 13.8251 9.7587
 13.7582 9.7349
 13.7583 9.7112
 13.7585 9.6874
 13.6919 9.6637
 13.692 9.6399
 13.6921 9.616
 13.6259 9.5924
 13.626 9.5686
 13.6261 9.5448
 13.5602 9.521
 13.5603 9.4973
 13.4947 9.4735
 13.4948 9.4497
 13.495 9.426
 13.4297 9.4022
 13.4298 9.3784
 13.4299 9.3547
 13.3649 9.3309
 13.3651 9.3071
 13.3652 9.2833
 13.3005 9.2596
 13.3006 9.2358
 13.3008 9.212
 13.2364 9.1883
 13.2365 9.1645
 13.2367 9.1407
 13.2368 9.117
 13.1727 9.0932
 13.1729 9.0694
 13.173 9.0457
 13.1092 9.0219
 13.1094 8.9981
 13.1095 8.9744
 13.0461 8.9506
 13.0462 8.9268
 13.0463 8.903
 12.9832 8.8793
 12.9832 8.8555
 12.9834 8.8317
 12.9205 8.808
 12.9207 8.7842
 12.9209 8.7604
 12.8582 8.7367
 12.8584 8.7128
 12.8586 8.6891
 12.8587 8.6654
 12.7965 8.6416
 12.7966 8.6178
 12.7967 8.5941
 12.7348 8.5703
 12.7349 8.5465
 12.7349 8.5227
 12.7351 8.499
 12.6735 8.4752
 12.6737 8.4514
 12.6738 8.4277
 12.6125 8.4039
 12.6126 8.3801
 12.6127 8.3564
 12.6128 8.3326
 12.5518 8.3088
 12.5518 8.2851
 12.552 8.2612
 12.5522 8.2375
 12.5523 8.2137
 12.4915 8.19
 12.4917 8.1662
 12.4918 8.1424
 12.4919 8.1186
 12.4315 8.0949
 12.4316 8.0711
 12.4317 8.0473
 12.3715 8.0236
 12.3717 7.9998
 12.3118 7.9761
 12.3119 7.9523
 12.312 7.9285
 12.3122 7.9047
 12.2526 7.881
 12.2527 7.8572
 12.2528 7.8334
 12.2529 7.8096
 12.1936 7.7859
 12.1938 7.7621
 12.1939 7.7383
 12.1349 7.7146
 12.135 7.6907
 12.1351 7.667
 12.1352 7.6433
 12.0765 7.6195
 12.0766 7.5957
 12.0767 7.572
 12.0769 7.5482
 12.0184 7.5244
 12.0185 7.5007
 12.0186 7.4769
 11.9605 7.4531
 11.9606 7.4293
 11.9607 7.4056
 11.9607 7.3818
 11.9029 7.358
 11.9031 7.3343
 11.9032 7.3105
 11.9033 7.2867
 11.8457 7.263
 11.8458 7.2392
 11.8458 7.2154
 11.7886 7.1917
 11.7887 7.1679
 11.7888 7.1441
 11.789 7.1203
 11.7319 7.0966
 11.732 7.0728
 11.7321 7.049
 11.7323 7.0252
 11.6755 7.0015
 11.6756 6.9777
 11.6757 6.9539
 11.6192 6.9302
 11.6193 6.9064
 11.6194 6.8826
 11.6195 6.8589
 11.5633 6.8351
 11.5634 6.8113
 11.5635 6.7875
 11.5636 6.7638
 11.5077 6.74
 11.5078 6.7163
 11.5079 6.6925
 11.4522 6.6686
 11.4523 6.6449
 11.4525 6.6212
 11.4526 6.5974
 11.3971 6.5735
 11.3973 6.5499
 11.3974 6.5261
 11.3975 6.5023
 11.3423 6.4786
 11.3424 6.4548
 11.3425 6.431
 11.2876 6.4073
 11.2878 6.3835
 11.2879 6.3597
 11.288 6.3359
 11.2334 6.3122
 11.2335 6.2884
 11.2336 6.2646
 11.1792 6.2409
 11.1793 6.2171
 11.1794 6.1933
 11.1253 6.1696
 11.1254 6.1458
 11.1256 6.1219
 11.0717 6.0983
 11.0718 6.0745
 11.0182 6.0507
 11.0183 6.0269
 10.9649 6.0032
 10.9651 5.9794
 10.912 5.9557
 10.8591 5.9557
 10.8592 5.9319
 10.8066 5.9319
 10.7543 5.9082
 10.7544 5.8843
 10.7022 5.8843
 10.6502 5.9082
 10.7021 5.9082
 10.6501 5.932
 10.65 5.9557
 10.5981 5.9795
 10.5981 6.0033
 10.5979 6.0271
 10.5979 6.0509
 10.5977 6.0746
 10.5977 6.0984
 10.5976 6.1222
 10.5975 6.1459
 10.5974 6.1697
 10.5972 6.1935
 10.5971 6.2173
 10.597 6.241
 10.5969 6.2648
 10.5968 6.2886
 10.5967 6.3124
 10.5966 6.3361
 10.5965 6.3599
 10.5964 6.3837
 10.5963 6.4075
 10.5962 6.4312
 10.596 6.455
 10.596 6.4788
 10.5958 6.5026
 10.5444 6.5264
 10.5443 6.5501
 10.5441 6.5739
 10.544 6.5977
 10.5439 6.6214
 10.5438 6.6452
 10.5436 6.669
 10.5436 6.6928
 10.5434 6.7165
 10.5434 6.7403
 10.5433 6.7641
 10.5432 6.7879
 10.5431 6.8115
 10.543 6.8354
 10.5429 6.8592
 10.5428 6.883
 10.5427 6.9066
 10.5425 6.9304
 10.5424 6.9543
 10.5423 6.9781
 10.5422 7.0018
 10.5421 7.0256
 10.4909 7.0493
 10.4908 7.0732
 10.4907 7.0969
 10.4906 7.1207
 10.4905 7.1445
 10.4904 7.1683
 10.4394 7.1921
 10.4393 7.2158
