#DataThief C:\Users\qwexva\Pictures\Screenshots\trial.png Wednesday 30-Dec-2015 12:47:37 PM
 267.8866 13.7904
 266.5873 13.7904
 265.2943 13.7904
 264.0076 13.7904
 262.7271 13.7904
 261.4529 13.7904
 260.1848 13.7905
 258.9228 13.7905
 257.667 13.7905
 256.4173 13.7905
 255.1736 13.7905
 253.936 13.7905
 252.7044 13.7905
 251.4787 13.7906
 250.259 13.7906
 249.0452 13.7906
 247.8373 13.7906
 246.6352 13.7906
 245.439 13.7906
 244.2486 13.7907
 243.0615 13.8145
 241.8826 13.8145
 240.7094 13.8145
 239.542 13.8145
 238.3801 13.8145
 237.224 13.8145
 236.0734 13.8146
 234.9284 13.8146
 233.7889 13.8146
 232.655 13.8146
 231.5266 13.8146
 230.4037 13.8146
 229.2862 13.8147
 228.1741 13.8147
 227.0674 13.8147
 225.9661 13.8147
 224.87 13.8147
 223.7795 13.8147
 222.6941 13.8147
 221.6139 13.8148
 220.5391 13.8148
 219.4695 13.8148
 218.405 13.8148
 217.3457 13.8148
 216.2894 13.8386
 215.2403 13.8386
 214.1964 13.8387
 213.1575 13.8387
 212.1237 13.8387
 211.0948 13.8387
 210.071 13.8387
 209.0521 13.8387
 208.0382 13.8388
 207.0291 13.8388
 206.025 13.8388
 205.0258 13.8388
 204.0313 13.8388
 203.0418 13.8388
 202.057 13.8389
 201.077 13.8389
 200.1017 13.8389
 199.1312 13.8389
 198.1654 13.8389
 197.2042 13.8389
 196.2478 13.8389
 195.2959 13.839
 194.3487 13.839
 193.4061 13.839
 192.468 13.839
 191.5345 13.839
 190.6056 13.839
 189.6811 13.8391
 188.761 13.8391
 187.8456 13.8391
 186.9344 13.8391
 186.0278 13.8391
 185.1256 13.8391
 184.2277 13.8392
 183.3342 13.8392
 182.445 13.8392
 181.5601 13.8392
 180.6795 13.8392
 179.8031 13.8392
 178.9311 13.8393
 178.0632 13.8393
 177.1996 13.8393
 176.3401 13.8393
 175.4849 13.8393
 174.6337 13.8393
 173.7867 13.8394
 172.9438 13.8394
 172.105 13.8394
 171.2703 13.8394
 170.4396 13.8394
 169.6129 13.8394
 168.7903 13.8395
 167.9716 13.8395
 167.1569 13.8395
 166.3462 13.8395
 165.5394 13.8395
 164.7365 13.8395
 163.9375 13.8396
 163.1424 13.8396
 162.3511 13.8396
 161.5636 13.8396
 160.7801 13.8396
 160.0003 13.8396
 159.2258 13.8159
 158.4536 13.8159
 157.6851 13.8159
 156.9203 13.8159
 156.1592 13.8159
 155.4018 13.8159
 154.648 13.8159
 153.898 13.8159
 153.1515 13.8159
 152.4087 13.8159
 151.6695 13.8159
 150.9354 13.7923
 150.2034 13.7923
 149.4748 13.7923
 148.7499 13.7923
 148.0284 13.7923
 147.3105 13.7924
 146.596 13.7924
 145.885 13.7924
 145.1774 13.7924
 144.4733 13.7924
 143.7725 13.7924
 143.0767 13.7687
 142.3827 13.7687
 141.6921 13.7687
 141.0049 13.7687
 140.321 13.7688
 139.6404 13.7688
 138.9632 13.7688
 138.2892 13.7688
 137.6198 13.745
 136.9524 13.745
 136.2881 13.745
 135.6271 13.745
 134.9693 13.745
 134.3147 13.745
 133.6632 13.745
 133.0163 13.7214
 132.3711 13.7214
 131.729 13.7214
 131.0902 13.7214
 130.4544 13.7215
 129.8216 13.7215
 129.192 13.7215
 128.5667 13.6977
 127.9431 13.6977
 127.3226 13.6978
 126.705 13.6978
 126.0905 13.6978
 125.4788 13.6978
 124.8716 13.6741
 124.266 13.6741
 123.6633 13.6741
 123.0635 13.6741
 122.4666 13.6741
 121.8738 13.6503
 121.2827 13.6503
 120.6945 13.6503
 120.1091 13.6503
 119.5266 13.6503
 118.9468 13.6503
 118.3711 13.6267
 117.797 13.6267
 117.2257 13.6267
 116.6571 13.6267
 116.0913 13.6267
 115.5282 13.6268
 114.9691 13.603
 114.4114 13.603
 113.8565 13.603
 113.3043 13.6031
 112.7548 13.6031
 112.209 13.5793
 111.6648 13.5793
 111.1232 13.5793
 110.5842 13.5794
 110.049 13.5556
 109.5152 13.5556
 108.9841 13.5556
 108.4555 13.5556
 107.9304 13.5319
 107.4071 13.5319
 106.886 13.5319
 106.3677 13.5319
 105.8518 13.532
 105.3395 13.5082
 104.8286 13.5082
 104.3201 13.5082
 103.8142 13.5083
 103.3117 13.4845
 102.8106 13.4845
 102.312 13.4845
 101.8157 13.4845
 101.3229 13.4607
 100.8315 13.4607
 100.3424 13.4607
 99.8558 13.4607
 99.3715 13.4609
 98.8904 13.4371
 98.4108 13.4371
 97.9335 13.4371
 97.4585 13.4371
 96.9868 13.4134
 96.5164 13.4134
 96.0483 13.4134
 95.5825 13.4134
 95.1198 13.3897
 94.6585 13.3897
 94.1994 13.3897
 93.7425 13.3897
 93.2878 13.3897
 92.8363 13.366
 92.386 13.366
 91.9379 13.366
 91.492 13.366
 91.0492 13.3423
 90.6076 13.3423
 90.1681 13.3423
 89.7308 13.3423
 89.2965 13.3186
 88.8634 13.3186
 88.4324 13.3186
 88.0035 13.3186
 87.5775 13.2949
 87.1528 13.2949
 86.7301 13.2949
 86.3103 13.2711
 85.8917 13.2711
 85.4751 13.2711
 85.0605 13.2711
 84.6488 13.2474
 84.2383 13.2474
 83.8296 13.2475
 83.4231 13.2475
 83.0193 13.2237
 82.6167 13.2237
 82.216 13.2237
 81.818 13.2
 81.4212 13.2
 81.0263 13.2
 80.6333 13.2
 80.2429 13.1763
 79.8538 13.1763
 79.4665 13.1763
 79.0811 13.1763
 78.6983 13.1526
 78.3166 13.1526
 77.9367 13.1526
 77.5588 13.1526
 77.1834 13.1289
 76.809 13.1289
 76.4365 13.1289
 76.0665 13.1051
 75.6976 13.1052
 75.3305 13.1052
 74.9659 13.0814
 74.6023 13.0814
 74.2404 13.0814
 73.8803 13.0815
 73.5228 13.0577
 73.1662 13.0577
 72.8113 13.0577
 72.4588 13.034
 72.1074 13.034
 71.7577 13.034
 71.4097 13.034
 71.064 13.0103
 70.7194 13.0103
 70.3764 13.0103
 70.0357 12.9865
 69.6961 12.9866
 69.358 12.9866
 69.0216 12.9866
 68.6876 12.9628
 68.3544 12.9628
 68.0229 12.9628
 67.6936 12.9391
 67.3653 12.9391
 67.0386 12.9391
 66.7141 12.9154
 66.3905 12.9154
 66.0685 12.9154
 65.7481 12.9154
 65.4299 12.8917
 65.1125 12.8917
 64.7967 12.8917
 64.483 12.8679
 64.1703 12.8679
 63.8591 12.8679
 63.55 12.8441
 63.2418 12.8441
 62.935 12.8443
 62.6298 12.8443
 62.3267 12.8205
 62.0244 12.8205
 61.7235 12.8206
 61.4248 12.7968
 61.1269 12.7968
 60.8304 12.7968
 60.536 12.7731
 60.2424 12.7731
 59.9502 12.7731
 59.66 12.7492
 59.3707 12.7494
 59.0827 12.7494
 58.7967 12.7256
 58.5116 12.7256
 58.2278 12.7257
 57.9459 12.7019
 57.6649 12.7019
 57.3852 12.7019
 57.1075 12.6782
 56.8305 12.6782
 56.5548 12.6782
 56.2811 12.6543
 56.0081 12.6545
 55.7365 12.6545
 55.4667 12.6307
 55.1977 12.6307
 54.93 12.6308
 54.6641 12.607
 54.399 12.607
 54.1357 12.5833
 53.8731 12.5833
 53.6118 12.5833
 53.3523 12.5594
 53.0936 12.5594
 52.8361 12.5596
 52.5803 12.5358
 52.3253 12.5358
 52.0715 12.5358
 51.8195 12.5121
 51.5682 12.5121
 51.318 12.5121
 51.0697 12.4884
 50.822 12.4884
 50.5755 12.4884
 50.3307 12.4646
 50.0866 12.4646
 49.8436 12.4647
 49.6024 12.4409
 49.3618 12.4409
 49.1224 12.4409
 48.8846 12.4172
 48.6475 12.4172
 48.4116 12.4172
 48.1773 12.3935
 47.9436 12.3935
 47.7111 12.3935
 47.4801 12.3697
 47.2499 12.3697
 47.0212 12.346
 46.7931 12.346
 46.5661 12.346
 46.3408 12.3223
 46.116 12.3223
 45.8928 12.2985
 45.6702 12.2985
 45.4487 12.2986
 45.2287 12.2748
 45.0094 12.2748
 44.7915 12.2511
 44.5743 12.2511
 44.358 12.2511
 44.1434 12.2273
 43.9293 12.2273
 43.7166 12.2036
 43.5046 12.2036
 43.2936 12.2036
 43.0841 12.1799
 42.8751 12.1799
 42.6672 12.1799
 42.4606 12.1561
 42.2547 12.1562
 42.0502 12.1324
 41.8462 12.1324
 41.6437 12.1087
 41.4417 12.1087
 41.2407 12.1087
 41.0411 12.0849
 40.842 12.0849
 40.6444 12.0612
 40.4472 12.0612
 40.2515 12.0374
 40.0562 12.0375
 39.8624 12.0137
 39.669 12.0137
 39.4766 12.0137
 39.2856 11.99
 39.095 11.99
 38.9058 11.9662
 38.717 11.9663
 38.5297 11.9425
 38.3428 11.9425
 38.1572 11.9188
 37.9722 11.9188
 37.7884 11.895
 37.6051 11.895
 37.4231 11.8713
 37.2416 11.8713
 37.0613 11.8475
 36.8816 11.8475
 36.7031 11.8237
 36.525 11.8237
 36.3483 11.8
 36.172 11.8001
 35.9969 11.7763
 35.8223 11.7763
 35.6489 11.7526
 35.476 11.7526
 35.3043 11.7288
 35.1331 11.7288
 34.963 11.705
 34.7934 11.705
 34.625 11.6813
 34.4575 11.6576
 34.2903 11.6576
 34.1244 11.6338
 33.9588 11.6339
 33.7945 11.6101
 33.6306 11.6101
 33.4678 11.5864
 33.3058 11.5626
 33.1443 11.5626
 32.9839 11.5389
 32.8239 11.5389
 32.665 11.5151
 32.5069 11.4914
 32.3492 11.4914
 32.1927 11.4676
 32.0369 11.4439
 31.8815 11.4439
 31.7271 11.4201
 31.5735 11.3963
 31.4205 11.3963
 31.2684 11.3726
 31.117 11.3489
 30.9661 11.3489
 30.8162 11.3251
 30.6671 11.3014
 30.5183 11.3014
 30.3706 11.2776
 30.2236 11.2539
 30.077 11.2539
 29.9315 11.2301
 29.7866 11.2064
 29.6421 11.2064
 29.4987 11.1826
 29.3559 11.1589
 29.2135 11.1589
 29.0721 11.1351
 28.9314 11.1114
 28.7913 11.0876
 28.652 11.0638
 28.513 11.0639
 28.375 11.0401
 28.2377 11.0164
 28.101 10.9926
 27.9647 10.9926
 27.8294 10.9689
 27.8296 10.9451
 27.6949 10.9213
 27.5606 10.9213
 27.4272 10.8976
 27.2945 10.8738
 27.1621 10.8738
 27.0306 10.85
 26.8998 10.8263
 26.7696 10.8026
 26.64 10.7788
 26.511 10.755
 26.3828 10.7313
 26.2551 10.7075
 26.128 10.6838
 26.0016 10.66
 25.8757 10.6362
 25.876 10.6125
 25.7505 10.6125
 25.6258 10.5887
 25.5018 10.565
 25.5021 10.5412
 25.3784 10.5412
 25.3786 10.5175
 25.2555 10.5175
 25.2558 10.4937
 25.256 10.4699
 25.1338 10.4462
 25.0122 10.4224
 24.8911 10.3986
 24.7706 10.3749
 24.6507 10.3511
 24.5314 10.3274
 24.5316 10.3035
 24.4129 10.2798
 24.2948 10.2561
 24.1772 10.2323
 24.0602 10.2086
 23.9437 10.1848
 23.9439 10.161
 23.8281 10.1373
 23.7127 10.1135
 23.713 10.0897
 23.5981 10.066
 23.484 10.0422
 23.3703 10.0185
 23.3705 9.9947
 23.2574 9.9708
 23.1449 9.9472
 23.0328 9.9234
 23.0331 9.8997
 22.9216 9.8759
 22.9218 9.8521
 22.8109 9.8284
 22.7005 9.8046
 22.7006 9.7808
 22.5908 9.757
 22.4815 9.7332
 22.4817 9.7095
 22.3729 9.6858
 22.3731 9.662
 22.2648 9.6381
 22.1571 9.6145
 22.1573 9.5907
 22.05 9.567
 21.9433 9.5432
 21.9435 9.5194
 21.8373 9.4957
 21.8376 9.4719
 21.7319 9.4481
 21.6267 9.4243
 21.6269 9.4006
 21.5222 9.3768
 21.5224 9.3531
 21.4183 9.3293
 21.4184 9.3054
 21.3148 9.2818
 21.315 9.258
 21.2119 9.2343
 21.2121 9.2105
 21.1094 9.1867
 21.0072 9.163
 21.0075 9.1392
 21.0077 9.1154
 20.906 9.0917
 20.8048 9.0679
 20.805 9.0441
 20.7043 9.0204
 20.7045 8.9966
 20.7046 8.9727
 20.6045 8.9491
 20.6047 8.9253
 20.505 8.9015
 20.5051 8.8778
 20.406 8.854
 20.4062 8.8302
 20.3074 8.8065
 20.3075 8.7827
 20.2091 8.7827
 20.1113 8.7589
 20.1115 8.7351
 20.1117 8.7114
 20.1118 8.6876
 20.1121 8.6639
 20.0148 8.6401
 20.015 8.6162
 19.9181 8.5926
 19.9183 8.5688
 19.8218 8.545
 19.8221 8.5213
 19.7261 8.4975
 19.7263 8.4737
 19.6309 8.45
 19.6311 8.4262
 19.6313 8.4024
 19.5362 8.3787
 19.5364 8.3549
 19.4419 8.3311
 19.4421 8.3074
 19.4423 8.2836
 19.3482 8.2598
 19.3484 8.236
 19.2547 8.2123
 19.2549 8.1885
 19.1617 8.1648
 19.1619 8.141
 19.1621 8.1172
 19.0694 8.0935
 19.0695 8.0697
 18.9773 8.0459
 18.9774 8.0221
 18.9776 7.9984
 18.8858 7.9746
 18.886 7.9508
 18.8862 7.9271
 18.7948 7.9033
 18.7949 7.8795
 18.704 7.8558
 18.7042 7.8319
 18.7044 7.8082
 18.6138 7.7845
 18.6139 7.7607
 18.5239 7.7368
 18.5241 7.7132
 18.5243 7.6894
 18.4346 7.6656
 18.4348 7.6419
 18.3456 7.6181
 18.3458 7.5943
 18.346 7.5706
 18.2572 7.5468
 18.2574 7.523
 18.2575 7.4992
 18.1692 7.4755
 18.1694 7.4517
 18.0814 7.428
 18.0816 7.4042
 18.0818 7.3804
 17.9943 7.3566
 17.9944 7.3329
 17.9073 7.3091
 17.9075 7.2852
 17.9077 7.2616
 17.821 7.2378
 17.8212 7.214
 17.7349 7.1903
 17.7351 7.1665
 17.6493 7.1427
 17.6495 7.119
 17.5641 7.0952
 17.5642 7.0714
 17.4792 7.0477
 17.4794 7.0239
 17.4796 7.0001
 17.395 6.9764
 17.3951 6.9526
 17.3953 6.9287
 17.3111 6.9051
 17.3113 6.8813
 17.3115 6.8575
 17.3117 6.8336
 17.2279 6.81
 17.228 6.7862
 17.2282 6.7624
 17.2284 6.7387
 17.145 6.7149
 17.1452 6.6911
 17.1453 6.6674
 17.1455 6.6436
 17.0625 6.6198
 17.0627 6.596
 16.9801 6.5723
 16.9803 6.5485
 16.8981 6.5248
 16.8982 6.501
 16.8984 6.4772
 16.8167 6.4535
 16.8168 6.4297
 16.817 6.4059
 16.7356 6.3822
 16.6545 6.3584
 16.6548 6.3346
 16.6549 6.3108
 16.5743 6.2871
 16.5745 6.2633
 16.4943 6.2396
 16.4944 6.2158
 16.4146 6.192
 16.4148 6.1683
 16.3353 6.1445
 16.3355 6.1207
 16.2563 6.1207
 16.1776 6.097
 16.1777 6.0732
 16.0994 6.0493
 16.0215 6.0257
 16.0217 6.0019
 16.0218 5.9781
 15.9443 5.9544
 15.9444 5.9306
 15.9445 5.9068
 15.8674 5.8831
 15.7906 5.8593
 15.7908 5.8355
 15.7144 5.8117
 15.7145 5.788
 15.7147 5.7642
 15.6385 5.7405
 15.6388 5.7167
 15.5631 5.6928
 15.5632 5.6692
 15.5634 5.6454
 15.5636 5.6216
 15.4882 5.5979
 15.4884 5.5741
 15.4134 5.5503
 15.4136 5.5266
 15.4137 5.5028
 15.4139 5.479
 15.414 5.4552
 15.4142 5.4315
 15.4144 5.4077
 15.3397 5.3839
 15.3399 5.3602
 15.3401 5.3364
 15.3402 5.3126
 15.266 5.2889
