#DataThief C:\Users\qwexva\Pictures\Screenshots\trial.png Wednesday 30-Dec-2015 12:46:06 PM
 248.9898 14.3136
 247.7847 14.2899
 246.5829 14.2899
 245.3869 14.2899
 244.1967 14.2899
 243.0123 14.2899
 241.8336 14.29
 240.6606 14.29
 239.4935 14.29
 238.3319 14.29
 237.1736 14.3138
 236.0232 14.3138
 234.8784 14.3138
 233.7393 14.3138
 232.6056 14.3139
 231.4751 14.3377
 230.3524 14.3377
 229.2352 14.3377
 228.1233 14.3377
 227.0169 14.3377
 225.9135 14.3615
 224.8178 14.3615
 223.7274 14.3615
 222.6423 14.3616
 221.5625 14.3616
 220.4856 14.3854
 219.4162 14.3854
 218.3519 14.3854
 217.293 14.3854
 216.2391 14.3854
 215.1881 14.4092
 214.1444 14.4092
 213.1058 14.4093
 212.0722 14.4093
 211.0436 14.4093
 210.0179 14.4331
 208.9992 14.4331
 207.9856 14.4331
 206.9768 14.4331
 205.9729 14.4331
 204.9719 14.4569
 203.9777 14.4569
 202.9884 14.457
 202.0039 14.457
 201.0241 14.457
 200.0471 14.4808
 199.0768 14.4808
 198.1113 14.4808
 197.1504 14.4808
 196.1942 14.4809
 195.2406 14.5046
 194.2937 14.5047
 193.3513 14.5047
 192.4135 14.5047
 191.4803 14.5047
 190.5516 14.5047
 189.6255 14.5285
 188.7058 14.5285
 187.7905 14.5285
 186.8797 14.5286
 185.9733 14.5286
 185.0713 14.5286
 184.1718 14.5524
 183.2785 14.5524
 182.3896 14.5524
 181.505 14.5524
 180.6247 14.5525
 179.7486 14.5525
 178.8768 14.5525
 178.0074 14.5763
 177.144 14.5763
 176.2849 14.5763
 175.4298 14.5763
 174.579 14.5763
 173.7322 14.5764
 172.8896 14.5764
 172.0493 14.6002
 171.2149 14.6002
 170.3844 14.6002
 169.5581 14.6002
 168.7357 14.6002
 167.9173 14.6002
 167.1029 14.6002
 166.2907 14.624
 165.4842 14.624
 164.6815 14.624
 163.8828 14.624
 163.0879 14.624
 162.2969 14.624
 161.5098 14.6242
 160.7264 14.6242
 159.9453 14.648
 159.1695 14.648
 158.3975 14.648
 157.6292 14.648
 156.8647 14.648
 156.1039 14.648
 155.3468 14.6481
 154.5933 14.6481
 153.8435 14.6481
 153.0973 14.6481
 152.3548 14.6481
 151.6143 14.6719
 150.879 14.6719
 150.1472 14.6719
 149.4189 14.672
 148.6942 14.672
 147.9729 14.672
 147.2553 14.672
 146.5411 14.672
 145.8304 14.672
 145.1231 14.6721
 144.4192 14.6721
 143.7173 14.6959
 143.0202 14.6959
 142.3266 14.6959
 141.6362 14.6959
 140.9493 14.6959
 140.2657 14.6959
 139.5854 14.696
 138.9083 14.696
 138.2346 14.696
 137.5642 14.696
 136.897 14.696
 136.233 14.696
 135.5722 14.6961
 134.9146 14.6961
 134.2603 14.6961
 133.6091 14.6961
 132.9611 14.6961
 132.3162 14.6961
 131.6745 14.6962
 131.0345 14.72
 130.399 14.72
 129.7665 14.72
 129.1371 14.72
 128.5108 14.72
 127.8875 14.72
 127.2671 14.7201
 126.65 14.7201
 126.0357 14.7201
 125.4243 14.7201
 124.8161 14.7201
 124.2107 14.7201
 123.6082 14.7201
 123.0087 14.7202
 122.4121 14.7202
 121.8184 14.7202
 121.2275 14.7202
 120.6396 14.7202
 120.0545 14.7202
 119.4722 14.7203
 118.8927 14.7203
 118.3161 14.7203
 117.7422 14.7203
 117.1711 14.7203
 116.6017 14.7441
 116.0361 14.7441
 115.4733 14.7442
 114.9133 14.7442
 114.3559 14.7442
 113.8013 14.7442
 113.2493 14.7442
 112.7 14.7442
 112.1534 14.7442
 111.6095 14.7443
 111.0681 14.7443
 110.5293 14.7443
 109.9933 14.7443
 109.4599 14.7443
 108.929 14.7443
 108.4006 14.7444
 107.8749 14.7444
 107.3517 14.7444
 106.831 14.7444
 106.3129 14.7444
 105.7972 14.7444
 105.2841 14.7445
 104.7734 14.7445
 104.2652 14.7445
 103.7596 14.7445
 103.2563 14.7445
 102.7555 14.7445
 102.257 14.7446
 101.7612 14.7446
 101.2676 14.7446
 100.7764 14.7446
 100.2877 14.7446
 99.8012 14.7446
 99.3172 14.7447
 98.8355 14.7447
 98.3561 14.7447
 97.8791 14.7447
 97.4043 14.7447
 96.9319 14.7447
 96.4607 14.7685
 95.9929 14.7685
 95.5274 14.7686
 95.0641 14.7686
 94.603 14.7686
 94.1441 14.7686
 93.6875 14.7686
 93.2331 14.7686
 92.7809 14.7687
 92.3309 14.7687
 91.8831 14.7687
 91.4375 14.7687
 90.994 14.7687
 90.5526 14.7687
 90.1134 14.7688
 89.6764 14.7688
 89.2414 14.7688
 88.8086 14.7688
 88.3779 14.7688
 87.9492 14.7688
 87.5226 14.7689
 87.0981 14.7689
 86.6757 14.7689
 86.2553 14.7689
 85.837 14.7689
 85.4205 14.7689
 85.0063 14.769
 84.5939 14.769
 84.1837 14.769
 83.7753 14.769
 83.3691 14.769
 82.9647 14.769
 82.5615 14.7928
 82.1611 14.7928
 81.7626 14.7929
 81.366 14.7929
 80.9714 14.7929
 80.5787 14.7929
 80.1879 14.7929
 79.7989 14.7929
 79.4119 14.793
 79.0267 14.793
 78.6434 14.793
 78.262 14.793
 77.8824 14.793
 77.5047 14.793
 77.1288 14.7931
 76.7547 14.7931
 76.3816 14.8169
 76.0112 14.8169
 75.6425 14.8169
 75.2756 14.8169
 74.9104 14.8169
 74.5472 14.8169
 74.1856 14.817
 73.8258 14.817
 73.4678 14.817
 73.1114 14.817
 72.7561 14.8408
 72.4032 14.8408
 72.052 14.8408
 71.7026 14.8409
 71.3548 14.8409
 71.0087 14.8409
 70.6643 14.8409
 70.3216 14.8409
 69.9798 14.8647
 69.6404 14.8647
 69.3026 14.8647
 68.9665 14.8648
 68.632 14.8648
 68.2991 14.8648
 67.9679 14.8648
 67.6381 14.8648
 67.3101 14.8648
 66.983 14.8885
 66.6581 14.8885
 66.3348 14.8887
 66.0131 14.8887
 65.6928 14.8887
 65.3743 14.8887
 65.0572 14.8887
 64.741 14.9125
 64.427 14.9125
 64.1145 14.9125
 63.8035 14.9125
 63.4941 14.9125
 63.1855 14.9364
 62.8791 14.9364
 62.5741 14.9364
 62.2706 14.9364
 61.9686 14.9364
 61.668 14.9365
 61.3683 14.9602
 61.0706 14.9603
 60.7744 14.9603
 60.4797 14.9603
 60.1863 14.9603
 59.8938 14.9841
 59.6033 14.9841
 59.3142 14.9841
 59.0266 14.9842
 58.7397 15.0079
 58.4548 15.008
 58.1713 15.008
 57.8891 15.008
 57.6078 15.0318
 57.3284 15.0318
 57.0503 15.0318
 56.7736 15.0318
 56.4977 15.0556
 56.2236 15.0556
 55.951 15.0557
 55.679 15.0794
 55.409 15.0795
 55.1402 15.0795
 54.8728 15.0795
 54.6061 15.1033
 54.3412 15.1033
 54.0777 15.1033
 53.8148 15.1271
 53.5537 15.1271
 53.2941 15.1271
 53.0351 15.1509
 52.7778 15.1509
 52.5219 15.151
 52.2666 15.1748
 52.0131 15.1748
 51.7608 15.1748
 51.5093 15.1985
 51.2594 15.1985
 51.0108 15.1985
 50.7629 15.2224
 50.5167 15.2224
 50.2717 15.2224
 50.0273 15.2462
 49.7847 15.2462
 49.5432 15.2463
 49.3024 15.27
 49.0633 15.2701
 48.8253 15.2701
 48.588 15.2939
 48.3524 15.2939
 48.1174 15.3176
 47.884 15.3176
 47.6518 15.3176
 47.4202 15.3415
 47.1902 15.3415
 46.9607 15.3653
 46.733 15.3653
 46.5064 15.3653
 46.2803 15.3891
 46.0559 15.3891
 45.8319 15.4129
 45.6097 15.413
 45.3885 15.413
 45.1679 15.4368
 44.9489 15.4368
 44.7304 15.4606
 44.5133 15.4606
 44.2974 15.4606
 44.0823 15.4844
 43.8683 15.4844
 43.6552 15.5082
 43.4435 15.5082
 43.2324 15.532
 43.0227 15.532
 42.814 15.532
 42.6059 15.5558
 42.3993 15.5558
 42.1932 15.5796
 41.9886 15.5796
 41.7845 15.6034
 41.5817 15.6035
 41.3797 15.6272
 41.179 15.6273
 40.9792 15.6273
 40.7801 15.6511
 40.5823 15.6511
 40.3851 15.6749
 40.1892 15.6749
 39.9939 15.6987
 39.7999 15.6987
 39.6065 15.7225
 39.4144 15.7225
 39.2227 15.7463
 39.0326 15.7463
 38.8429 15.7701
 38.6545 15.7701
 38.4666 15.7939
 38.28 15.7939
 38.094 15.8176
 37.9092 15.8176
 37.725 15.8415
 37.542 15.8415
 37.3596 15.8653
 37.1784 15.8654
 36.998 15.8654
 36.8182 15.8892
 36.6396 15.8892
 36.4616 15.913
 36.2847 15.913
 36.1084 15.9367
 35.9329 15.9606
 35.7586 15.9606
 35.5848 15.9844
 35.4122 15.9844
 35.2401 16.0082
 35.0692 16.0082
 34.8987 16.032
 34.729 16.0558
 34.5607 16.0558
 34.3927 16.0796
 34.2259 16.0796
 34.0594 16.1034
 33.894 16.1272
 33.7296 16.1272
 33.5657 16.151
 33.4025 16.1748
 33.2405 16.1748
 33.079 16.1985
 32.9184 16.1985
 32.7585 16.2224
 32.5993 16.2462
 32.4412 16.2462
 32.2835 16.27
 32.1266 16.2938
 31.9705 16.3176
 31.8154 16.3176
 31.6608 16.3414
 31.5069 16.3652
 31.3541 16.3652
 31.2017 16.389
 31.0501 16.4128
 30.8992 16.4365
 30.7492 16.4365
 30.5998 16.4604
 30.4511 16.4841
 30.3031 16.5079
 30.1559 16.5316
 30.0096 16.5316
 29.8637 16.5554
 29.7186 16.5793
 29.5742 16.6031
 29.4304 16.6269
 29.2877 16.6269
 29.1453 16.6507
 29.0037 16.6745
 28.8627 16.6983
 28.7224 16.7221
 28.5828 16.7459
 28.4442 16.7459
 28.306 16.7697
 28.1684 16.7934
 28.0315 16.8173
 27.8952 16.8411
 27.7597 16.8648
 27.625 16.8649
 27.4908 16.8887
 27.3572 16.9123
 27.2242 16.9362
 27.0919 16.96
 26.9602 16.9838
 26.8292 17.0076
 26.6987 17.0314
 26.569 17.0552
 26.4399 17.079
 26.3114 17.1028
 26.1835 17.1266
 26.0565 17.1266
 25.9299 17.1504
 25.8037 17.1742
 25.6784 17.1979
 25.5535 17.2217
 25.4294 17.2455
 25.4292 17.2692
 25.3058 17.2692
 25.3056 17.2931
 25.1828 17.2931
 25.1826 17.3169
 25.0604 17.3169
 25.0602 17.3407
 24.9386 17.3407
 24.8174 17.3645
 24.6968 17.3883
 24.5768 17.4121
 24.4573 17.4359
 24.4571 17.4596
 24.3382 17.4834
 24.2199 17.5072
 24.1022 17.531
 23.9851 17.5548
 23.8685 17.5786
 23.7527 17.5786
 23.7525 17.6024
 23.6373 17.6024
 23.6371 17.6261
 23.5224 17.6261
 23.5222 17.65
 23.4081 17.65
 23.4079 17.6737
 23.2941 17.6975
 23.1809 17.7213
 23.0682 17.745
 22.9561 17.7689
 22.8447 17.7689
 22.7337 17.7927
 22.6232 17.8165
 22.5133 17.8403
 22.4039 17.8641
 22.295 17.8879
 22.2947 17.9116
 22.2945 17.9354
 22.1862 17.9592
 22.0785 17.9592
 22.0783 17.983
 21.9712 17.983
 21.971 18.0068
 21.8645 18.0068
 21.8641 18.0306
 21.758 18.0544
 21.6522 18.0782
 21.652 18.1019
 21.5468 18.1257
 21.442 18.1495
 21.3378 18.1733
 21.2341 18.1971
 21.1309 18.2209
 21.0282 18.2447
 20.926 18.2685
 20.9258 18.2922
 20.8241 18.316
 20.7229 18.3397
 20.6221 18.3636
 20.5219 18.3874
 20.4222 18.4112
 20.323 18.435
 20.3227 18.4588
 20.224 18.4826
 20.1257 18.5063
 20.0279 18.5301
 20.0277 18.5539
 19.9303 18.5777
 19.8335 18.6015
 19.737 18.6253
 19.6411 18.6491
 19.6409 18.6728
 19.5455 18.6966
 19.4505 18.7204
 19.3559 18.7442
 19.2619 18.768
 19.2617 18.7917
 19.1681 18.8155
 19.0749 18.8394
 18.9822 18.8632
 18.982 18.8869
 18.8897 18.9106
 18.7979 18.9344
 18.7066 18.9583
 18.7064 18.9821
 18.6155 19.0059
 18.525 19.0297
 18.435 19.0534
 18.4348 19.0772
 18.3452 19.101
 18.256 19.1248
 18.2558 19.1486
 18.1671 19.1724
 18.1669 19.1961
 18.0786 19.2199
 17.9908 19.2437
 17.9906 19.2675
 17.9031 19.2913
 17.8161 19.3151
 17.8159 19.3389
 17.7292 19.3626
 17.6432 19.3864
 17.643 19.4102
 17.5573 19.434
 17.5571 19.4578
 17.4717 19.4816
 17.3868 19.5053
 17.3867 19.5291
 17.3021 19.5529
 17.2181 19.5767
 17.2179 19.6005
 17.1342 19.6242
 17.134 19.648
 17.0508 19.6718
 16.9679 19.6956
 16.9677 19.7194
 16.8852 19.7431
 16.8851 19.767
 16.803 19.7908
 16.8028 19.8145
 16.7212 19.8383
 16.6399 19.862
 16.6397 19.8859
 16.5589 19.9097
 16.5587 19.9335
 16.5585 19.9572
 16.5584 19.9809
 16.5582 20.0048
