#DataThief C:\Users\qwexva\data\trial.png Wednesday 30-Dec-2015 1:02:34 PM
 281.2757 13.4336
 279.9114 13.4336
 278.5537 13.4336
 277.2028 13.4336
 275.8582 13.4336
 274.5203 13.4337
 273.1889 13.4337
 271.8639 13.4337
 270.5453 13.4337
 269.2331 13.4337
 267.9273 13.4337
 266.6278 13.4338
 265.3346 13.4338
 264.0477 13.4338
 262.767 13.4338
 261.4925 13.4338
 260.2243 13.4338
 258.9621 13.4339
 257.7061 13.4339
 256.4562 13.4339
 255.2149 13.4101
 253.9771 13.4101
 252.7452 13.4102
 251.5194 13.4102
 250.2995 13.4102
 249.0855 13.4102
 247.8774 13.4102
 246.6752 13.4102
 245.4787 13.4102
 244.2881 13.4102
 243.1033 13.4102
 241.9242 13.4102
 240.7508 13.4102
 239.5831 13.4102
 238.4211 13.4104
 237.2671 13.3866
 236.1164 13.3866
 234.9712 13.3866
 233.8315 13.3867
 232.6974 13.3867
 231.5688 13.3867
 230.4456 13.3867
 229.3279 13.3867
 228.2156 13.3867
 227.1088 13.3867
 226.0072 13.3868
 224.9111 13.3868
 223.8225 13.363
 222.7368 13.363
 221.6566 13.3631
 220.5815 13.3631
 219.5117 13.3631
 218.447 13.3631
 217.3875 13.3631
 216.3331 13.3631
 215.2839 13.3632
 214.2397 13.3632
 213.2028 13.3394
 212.1687 13.3394
 211.1397 13.3394
 210.1156 13.3395
 209.0965 13.3395
 208.0823 13.3395
 207.0731 13.3395
 206.0688 13.3395
 205.0714 13.3158
 204.0768 13.3158
 203.0869 13.3158
 202.1019 13.3158
 201.1217 13.3158
 200.1461 13.3159
 199.1755 13.3159
 198.2095 13.3159
 197.2501 13.2921
 196.2934 13.2921
 195.3414 13.2922
 194.3939 13.2922
 193.4511 13.2922
 192.5128 13.2922
 191.5791 13.2922
 190.6518 13.2685
 189.7271 13.2685
 188.8069 13.2685
 187.8912 13.2685
 186.9799 13.2685
 186.073 13.2685
 185.1724 13.2448
 184.2743 13.2448
 183.3805 13.2448
 182.491 13.2448
 181.6059 13.2449
 180.7252 13.2449
 179.8504 13.2211
 178.9781 13.2211
 178.1101 13.2211
 177.2462 13.2212
 176.3865 13.2212
 175.5328 13.1974
 174.6814 13.1974
 173.8342 13.1975
 172.991 13.1975
 172.152 13.1975
 171.3171 13.1975
 170.4879 13.1737
 169.661 13.1738
 168.838 13.1738
 168.0192 13.1738
 167.206 13.15
 166.395 13.1501
 165.588 13.1501
 164.7848 13.1501
 163.9856 13.1501
 163.1919 13.1263
 162.4003 13.1264
 161.6127 13.1264
 160.8289 13.1264
 160.0504 13.1026
 159.2742 13.1027
 158.5017 13.1027
 157.7328 13.1027
 156.9679 13.1027
 156.2081 13.0789
 155.4505 13.079
 154.6965 13.079
 153.9462 13.079
 153.2011 13.0552
 152.4581 13.0553
 151.7186 13.0553
 150.9828 13.0553
 150.252 13.0315
 149.5232 13.0315
 148.798 13.0316
 148.0778 13.0078
 147.3596 13.0078
 146.6449 13.0078
 145.9337 13.0079
 145.2273 12.9841
 144.523 12.9841
 143.822 12.9841
 143.1244 12.9841
 142.4317 12.9604
 141.7409 12.9604
 141.0534 12.9604
 140.3693 12.9604
 139.6899 12.9367
 139.0124 12.9367
 138.3381 12.9367
 137.6686 12.913
 137.0008 12.913
 136.3364 12.913
 135.6764 12.8892
 135.0184 12.8892
 134.3636 12.8893
 133.7132 12.8655
 133.0647 12.8655
 132.4193 12.8655
 131.7784 12.8418
 131.1393 12.8418
 130.5032 12.8418
 129.8716 12.8181
 129.2417 12.8181
 128.6148 12.8181
 127.9923 12.7943
 127.3715 12.7943
 126.7538 12.7944
 126.1402 12.7706
 125.5284 12.7706
 124.9196 12.7706
 124.315 12.7469
 123.712 12.7469
 123.1133 12.7231
 122.5161 12.7231
 121.9219 12.7231
 121.3317 12.6994
 120.7433 12.6994
 120.1589 12.6757
 119.576 12.6757
 118.9962 12.6757
 118.4202 12.6519
 117.8458 12.652
 117.2755 12.6282
 116.7067 12.6282
 116.1406 12.6282
 115.5785 12.6045
 115.0179 12.6045
 114.4612 12.5807
 113.9061 12.5808
 113.3536 12.5808
 112.805 12.557
 112.2578 12.557
 111.7145 12.5333
 111.1727 12.5333
 110.6335 12.5333
 110.098 12.5095
 109.564 12.5096
 109.0337 12.4858
 108.5049 12.4858
 107.9786 12.4858
 107.456 12.4621
 106.9348 12.4621
 106.4172 12.4383
 105.9011 12.4384
 105.3885 12.4146
 104.8773 12.4146
 104.3697 12.3909
 103.8635 12.3909
 103.3598 12.3909
 102.8595 12.3671
 102.3606 12.3671
 101.8652 12.3434
 101.3711 12.3434
 100.8805 12.3195
 100.3912 12.3197
 99.9053 12.2959
 99.4207 12.2959
 98.9395 12.2722
 98.4596 12.2722
 97.983 12.2484
 97.5078 12.2484
 97.0359 12.2247
 96.5653 12.2247
 96.0979 12.2009
 95.6318 12.201
 95.1689 12.1772
 94.7073 12.1772
 94.2489 12.1535
 93.7917 12.1535
 93.3378 12.1297
 92.8851 12.1297
 92.4356 12.106
 91.9872 12.106
 91.542 12.0822
 91.098 12.0822
 90.6571 12.0585
 90.2174 12.0585
 89.7807 12.0347
 89.3453 12.0348
 88.9127 12.011
 88.4825 11.9872
 88.0533 11.9872
 87.6272 11.9635
 87.2022 11.9635
 87.203 11.9397
 86.781 11.916
 86.3601 11.916
 85.9412 11.916
 85.5252 11.8923
 85.1104 11.8923
 84.6985 11.8685
 84.2877 11.8685
 83.8789 11.8686
 83.472 11.8686
 83.068 11.8448
 82.666 11.8211
 82.2659 11.7973
 81.8677 11.7734
 81.4706 11.7736
 81.0763 11.7498
 80.6831 11.7498
 80.2925 11.7261
 79.9039 11.7023
 79.5164 11.7023
 79.1315 11.6785
 78.7485 11.6548
 78.3666 11.6548
 77.9872 11.6311
 77.609 11.6311
 77.2334 11.6073
 76.8596 11.5836
 76.4868 11.5836
 76.1166 11.5598
 75.7482 11.5361
 75.3808 11.5361
 75.0159 11.5123
 74.6528 11.4886
 74.2908 11.4886
 73.9312 11.4647
 73.5733 11.4411
 73.2165 11.4411
 72.862 11.4173
 72.5095 11.3936
 72.1578 11.3936
 71.8085 11.3698
 71.461 11.3461
 71.1144 11.3461
 70.7702 11.3223
 70.4276 11.2986
 70.0861 11.2986
 69.7468 11.2748
 69.4092 11.2511
 69.0733 11.2273
 68.7383 11.2273
 68.4056 11.2036
 68.0745 11.1798
 67.7443 11.1798
 67.4163 11.1561
 67.0901 11.1323
 66.7647 11.1323
 66.4416 11.1086
 66.12 11.0848
 65.8 11.0611
 65.4815 11.0373
 65.1639 11.0373
 64.8485 11.0136
 64.5346 10.9898
 64.2223 10.966
 63.9108 10.9661
 63.6015 10.9423
 63.2936 10.9184
 62.9872 10.8948
 62.9879 10.871
 62.683 10.8472
 62.3796 10.8235
 62.0771 10.8235
 61.776 10.8235
 61.4769 10.7997
 61.1788 10.7997
 60.8827 10.776
 60.588 10.7523
 60.2948 10.7285
 60.003 10.7046
 59.7125 10.681
 59.4235 10.6572
 59.1359 10.6335
 58.8497 10.6097
 58.5643 10.6097
 58.2808 10.5859
 57.9987 10.5622
 57.718 10.5385
 57.4386 10.5147
 57.1606 10.4909
 56.884 10.4672
 56.608 10.4672
 56.3341 10.4434
 56.0614 10.4197
 55.7901 10.3959
 55.52 10.3721
 55.2513 10.3484
 54.9832 10.3484
 54.7172 10.3247
 54.4524 10.3009
 54.1888 10.2772
 54.1894 10.2534
 54.1899 10.2296
 53.9271 10.2296
 53.9276 10.2059
 53.6661 10.2059
 53.4058 10.2059
 53.4062 10.1821
 53.1478 10.1584
 53.1484 10.1346
 52.8911 10.1108
 52.6351 10.0871
 52.3804 10.0633
 52.1268 10.0395
 51.8745 10.0158
 51.6235 9.992
 51.3736 9.9683
 51.125 9.9445
 50.8775 9.9207
 50.6307 9.9207
 50.6313 9.897
 50.6318 9.8732
 50.3862 9.8732
 50.1423 9.8495
 49.8996 9.8256
 49.6576 9.8256
 49.6581 9.802
 49.6585 9.7782
 49.4178 9.7782
 49.1781 9.7782
 48.94 9.7545
 48.7032 9.7307
 48.4674 9.7069
 48.2328 9.6832
 48.2333 9.6594
 48.2338 9.6356
 48.0004 9.6118
 47.768 9.588
 47.5368 9.5644
 47.5373 9.5406
 47.3072 9.5168
 47.0783 9.4931
 46.8504 9.4693
 46.6236 9.4456
 46.398 9.4218
 46.1729 9.4218
 46.1734 9.3981
 46.1739 9.3743
 45.9504 9.3505
 45.728 9.3268
 45.5067 9.303
 45.2864 9.2792
 45.2869 9.2555
 45.0677 9.2317
 44.8495 9.208
 44.6324 9.1842
 44.4163 9.1604
 44.4169 9.1367
 44.2019 9.1129
 43.988 9.0892
 43.7751 9.0654
 43.7755 9.0416
 43.5636 9.0179
 43.3528 8.9941
 43.1429 8.9703
 43.1434 8.9466
 42.9346 8.9228
 42.7267 8.8991
 42.7271 8.8753
 42.5204 8.8515
 42.3146 8.8277
 42.315 8.804
 42.1102 8.7802
 41.9064 8.7565
 41.7035 8.7327
 41.704 8.7088
 41.5021 8.6852
 41.3012 8.6614
 41.3017 8.6377
 41.1018 8.6139
 40.9028 8.5901
 40.9032 8.5664
 40.7053 8.5426
 40.5082 8.5189
 40.5086 8.495
 40.3126 8.4713
 40.1175 8.4476
 40.1179 8.4238
 39.9237 8.4
 39.9241 8.3763
 39.7309 8.3525
 39.5386 8.3287
 39.539 8.305
 39.3476 8.2812
 39.3479 8.2574
 39.1575 8.2337
 38.968 8.2099
 38.9684 8.1861
 38.7798 8.1623
 38.7802 8.1386
 38.5925 8.1149
 38.5929 8.0911
 38.4061 8.0673
 38.2202 8.0436
 38.2206 8.0198
 38.0356 7.996
 38.036 7.9723
 37.8519 7.9485
 37.6686 7.9247
 37.669 7.901
 37.4867 7.8772
 37.487 7.8534
 37.3057 7.8296
 37.306 7.8058
 37.1255 7.7821
 37.1259 7.7584
 36.9462 7.7346
 36.9465 7.7107
 36.7677 7.6871
 36.7681 7.6633
 36.5901 7.6395
 36.5905 7.6158
 36.4134 7.592
 36.4138 7.5682
 36.2375 7.5445
 36.2379 7.5207
 36.0625 7.4969
 36.0628 7.4732
 35.8883 7.4494
 35.8887 7.4256
 35.7149 7.4019
 35.7153 7.378
 35.5425 7.3544
 35.5428 7.3306
 35.3708 7.3068
 35.3711 7.2831
 35.1999 7.2593
 35.2003 7.2355
 35.2006 7.2117
 35.0303 7.188
 35.0306 7.1642
 34.8611 7.1405
 34.8614 7.1167
 34.6926 7.0929
 34.6931 7.0691
 34.6934 7.0454
 34.5255 7.0216
 34.5258 6.9978
 34.3587 6.9741
 34.3591 6.9503
 34.1928 6.9266
 34.1931 6.9028
 34.1935 6.879
 34.028 6.8552
 34.0283 6.8315
 33.8636 6.8077
 33.8639 6.7839
 33.8643 6.7602
 33.7004 6.7364
 33.7006 6.7126
 33.701 6.6888
 33.5379 6.6651
 33.5383 6.6413
 33.376 6.6176
 33.3763 6.5937
 33.3766 6.5699
 33.2151 6.5463
 33.2154 6.5225
 33.2158 6.4987
 33.055 6.475
 33.0553 6.4512
 32.8953 6.4274
 32.8957 6.4037
 32.896 6.3799
 32.8963 6.3561
 32.737 6.3323
 32.7374 6.3086
 32.7378 6.2848
 32.5793 6.261
 32.5796 6.2373
 32.58 6.2135
 32.4223 6.1897
 32.4226 6.166
 32.4229 6.1421
 32.266 6.1184
 32.2663 6.0947
 32.2667 6.0709
 32.1105 6.0471
 32.1108 6.0233
 32.1111 5.9996
 32.1115 5.9758
 31.956 5.952
 31.9564 5.9283
 31.9567 5.9045
 31.802 5.8807
 31.8023 5.857
 31.8027 5.8332
 31.803 5.8094
 31.6491 5.7856
 31.6494 5.7619
 31.6497 5.7381
 31.65 5.7143
 31.4968 5.6905
 31.4971 5.6667
 31.4975 5.643
 31.4978 5.6193
 31.3453 5.5955
 31.3456 5.5716
 31.346 5.5479
 31.3463 5.5242
 31.3466 5.5004
 31.1949 5.4766
 31.1952 5.4529
 31.1955 5.4291
 31.1958 5.4053
 31.0448 5.3816
 31.0451 5.3578
 31.0455 5.334
 31.0458 5.3102
 31.0461 5.2865
 30.8958 5.2627
 30.8961 5.2389
 30.8963 5.2152
 30.8968 5.1914
 30.8971 5.1676
 30.8974 5.1438
 30.7478 5.1201
 30.7481 5.0963
 30.7485 5.0725
 30.7488 5.0488
 30.749 5.025
 30.7494 5.0012
 30.6006 4.9774
 30.6009 4.9537
 30.6012 4.9299
 30.6015 4.9061
 30.6018 4.8824
 30.6021 4.8586
 30.454 4.8348
 30.4543 4.811
 30.4546 4.7873
 30.4549 4.7635
 30.4552 4.7397
 30.4555 4.7159
 30.4558 4.6922
 30.4561 4.6684
 30.4565 4.6446
 30.4567 4.6209
 30.4571 4.5971
 30.3096 4.5733
 30.31 4.5495
 30.3103 4.5258
 30.3106 4.502
 30.3109 4.4782
 30.3112 4.4544
 30.3115 4.4307
 30.3118 4.4069
 30.3121 4.3831
 30.3124 4.3594
 30.3127 4.3356
 30.313 4.3118
 30.3133 4.288
 30.3136 4.2643
 30.3139 4.2405
 30.3143 4.2167
 30.3146 4.1929
 30.3149 4.1692
 30.3152 4.1454
 30.3155 4.1216
 30.3158 4.0977
 30.3161 4.0741
 30.3164 4.0503
 30.3167 4.0265
 30.317 4.0027
 30.3173 3.979
 30.3176 3.9552
 30.3179 3.9314
 30.3182 3.9076
 30.3185 3.8839
 30.3189 3.8601
 30.3192 3.8363
 30.3195 3.8125
 30.3197 3.7888
 30.3201 3.765
 30.3204 3.7412
 30.1736 3.7175
