#DataThief C:\Users\qwexva\Pictures\Screenshots\trial.png Wednesday 30-Dec-2015 12:46:40 PM
 249.0074 14.1472
 247.7997 14.1472
 246.5977 14.1472
 245.4018 14.1473
 244.2115 14.1473
 243.0271 14.1473
 241.8484 14.1473
 240.6754 14.1473
 239.508 14.1473
 238.3464 14.1474
 237.1904 14.1474
 236.0376 14.1712
 234.8927 14.1712
 233.7534 14.1712
 232.6197 14.1712
 231.4915 14.1712
 230.3687 14.1712
 229.249 14.195
 228.1372 14.1951
 227.0307 14.1951
 225.9295 14.1951
 224.8336 14.1951
 223.7433 14.1951
 222.6581 14.1951
 221.5758 14.2189
 220.5011 14.2189
 219.4318 14.219
 218.3675 14.219
 217.3084 14.219
 216.2544 14.219
 215.2055 14.219
 214.1596 14.2428
 213.1209 14.2428
 212.0872 14.2428
 211.0585 14.2429
 210.0349 14.2429
 209.0162 14.2429
 208.0024 14.2429
 206.9915 14.2667
 205.9875 14.2667
 204.9884 14.2667
 203.9942 14.2668
 203.0048 14.2668
 202.0202 14.2668
 201.0404 14.2668
 200.0633 14.2906
 199.0929 14.2906
 198.1273 14.2906
 197.1663 14.2906
 196.2101 14.2907
 195.2584 14.2907
 194.3114 14.2907
 193.3689 14.2907
 192.4311 14.2907
 191.4958 14.3145
 190.567 14.3145
 189.6427 14.3145
 188.7229 14.3146
 187.8075 14.3146
 186.8967 14.3146
 185.9902 14.3146
 185.0881 14.3146
 184.1904 14.3146
 183.2971 14.3147
 182.4062 14.3385
 181.5215 14.3385
 180.6411 14.3385
 179.765 14.3385
 178.8931 14.3385
 178.0254 14.3385
 177.162 14.3386
 176.3027 14.3386
 175.4476 14.3386
 174.5949 14.3624
 173.7481 14.3624
 172.9054 14.3624
 172.0667 14.3624
 171.2322 14.3624
 170.4017 14.3625
 169.5752 14.3625
 168.7527 14.3625
 167.9343 14.3625
 167.1198 14.3625
 166.3092 14.3625
 165.5026 14.3626
 164.6999 14.3626
 163.8994 14.3864
 163.1044 14.3864
 162.3134 14.3864
 161.5261 14.3864
 160.7427 14.3864
 159.963 14.3864
 159.1872 14.3865
 158.4151 14.3865
 157.6468 14.3865
 156.8822 14.3865
 156.1213 14.3865
 155.3639 14.3865
 154.6105 14.3866
 153.8606 14.3866
 153.1144 14.3866
 152.3717 14.3866
 151.6327 14.3866
 150.8973 14.3866
 150.1654 14.3867
 149.4371 14.3867
 148.7123 14.3867
 147.991 14.3867
 147.2717 14.4104
 146.5574 14.4104
 145.8466 14.4104
 145.1392 14.4104
 144.4353 14.4106
 143.7347 14.4106
 143.0376 14.4106
 142.3437 14.4106
 141.6535 14.4106
 140.9664 14.4106
 140.2827 14.4107
 139.6023 14.4107
 138.9252 14.4107
 138.2514 14.4107
 137.5809 14.4107
 136.9136 14.4107
 136.2495 14.4108
 135.5887 14.4108
 134.9311 14.4108
 134.2766 14.4108
 133.6254 14.4108
 132.9773 14.4108
 132.3323 14.4109
 131.6905 14.4109
 131.0517 14.4109
 130.4161 14.4109
 129.7835 14.4109
 129.1541 14.4109
 128.5276 14.411
 127.9043 14.411
 127.284 14.411
 126.6665 14.411
 126.0523 14.411
 125.4409 14.411
 124.8325 14.4111
 124.227 14.4111
 123.6245 14.4111
 123.0249 14.4111
 122.4282 14.4111
 121.8344 14.4111
 121.2435 14.4111
 120.6554 14.4112
 120.0715 14.3874
 119.4891 14.3874
 118.9095 14.3874
 118.3328 14.3875
 117.7589 14.3875
 117.1877 14.3875
 116.6193 14.3875
 116.0537 14.3875
 115.4908 14.3875
 114.9306 14.3876
 114.3733 14.3876
 113.8185 14.3876
 113.2665 14.3876
 112.717 14.3876
 112.1703 14.3876
 111.6263 14.3877
 111.085 14.3877
 110.5462 14.3877
 110.01 14.3877
 109.4765 14.3877
 108.9455 14.3877
 108.4171 14.3878
 107.8923 14.3639
 107.369 14.3639
 106.8483 14.3639
 106.3301 14.3639
 105.8143 14.3641
 105.3011 14.3641
 104.7904 14.3641
 104.2821 14.3641
 103.7764 14.3641
 103.273 14.3641
 102.7721 14.3642
 102.2737 14.3642
 101.7776 14.3642
 101.284 14.3642
 100.7927 14.3642
 100.3039 14.3642
 99.8174 14.3643
 99.3333 14.3643
 98.8515 14.3643
 98.3719 14.3643
 97.8949 14.3643
 97.4201 14.3643
 96.9485 14.3406
 96.4784 14.3406
 96.0104 14.3406
 95.5448 14.3406
 95.0814 14.3406
 94.6202 14.3407
 94.1613 14.3407
 93.7046 14.3407
 93.2501 14.3407
 92.7978 14.3407
 92.3477 14.3407
 91.8998 14.3408
 91.4541 14.3408
 91.0105 14.3408
 90.5691 14.3408
 90.1298 14.3408
 89.6926 14.3408
 89.2586 14.3171
 88.8256 14.3171
 88.3948 14.3171
 87.9661 14.3171
 87.5394 14.3171
 87.1149 14.3172
 86.6924 14.3172
 86.2719 14.3172
 85.8535 14.3172
 85.4371 14.3172
 85.0227 14.3172
 84.6103 14.3173
 84.1999 14.3173
 83.7915 14.3173
 83.3851 14.3173
 82.9807 14.3173
 82.5782 14.3173
 82.1777 14.3174
 81.7791 14.3174
 81.3825 14.3174
 80.9878 14.3174
 80.595 14.3174
 80.2041 14.3174
 79.8159 14.2937
 79.4288 14.2937
 79.0435 14.2937
 78.6601 14.2937
 78.2786 14.2938
 77.899 14.2938
 77.5211 14.2938
 77.1452 14.2938
 76.771 14.2938
 76.3986 14.2938
 76.0281 14.2938
 75.6593 14.2939
 75.2924 14.2939
 74.9272 14.2939
 74.5638 14.2939
 74.2021 14.2939
 73.8423 14.2939
 73.4841 14.294
 73.1277 14.294
 72.773 14.294
 72.4201 14.294
 72.0688 14.294
 71.7193 14.294
 71.3714 14.2941
 71.0252 14.2941
 70.6808 14.2941
 70.3378 14.2941
 69.9968 14.2941
 69.6573 14.2941
 69.3195 14.2942
 68.9832 14.2942
 68.6487 14.2942
 68.3157 14.2942
 67.9844 14.2942
 67.6545 14.2942
 67.3265 14.2943
 66.9999 14.2943
 66.675 14.2943
 66.3516 14.2943
 66.0298 14.2943
 65.7095 14.2943
 65.3908 14.2944
 65.0737 14.2944
 64.7581 14.2944
 64.444 14.2944
 64.1314 14.2944
 63.8204 14.2944
 63.5108 14.2945
 63.2028 14.2945
 62.8961 14.2945
 62.5912 14.2945
 62.2876 14.2945
 61.9855 14.2945
 61.6848 14.2946
 61.3857 14.2946
 61.0879 14.2946
 60.7917 14.2946
 60.4968 14.2946
 60.2034 14.2946
 59.9114 14.2947
 59.6208 14.2947
 59.3316 14.2947
 59.0439 14.2947
 58.7574 14.2947
 58.4725 14.2947
 58.1889 14.2947
 57.9066 14.2948
 57.6258 14.2948
 57.3463 14.2948
 57.0682 14.2948
 56.7913 14.2948
 56.516 14.2948
 56.2418 14.2949
 55.9691 14.2949
 55.6976 14.2949
 55.4275 14.2949
 55.1586 14.2949
 54.8911 14.2949
 54.6249 14.295
 54.3594 14.3188
 54.0957 14.3188
 53.8334 14.3188
 53.5723 14.3188
 53.3124 14.3188
 53.0538 14.3188
 52.7965 14.3189
 52.5405 14.3189
 52.2856 14.3189
 52.032 14.3189
 51.7791 14.3427
 51.528 14.3427
 51.2781 14.3427
 51.0294 14.3427
 50.7819 14.3428
 50.5356 14.3428
 50.2905 14.3428
 50.0466 14.3428
 49.8037 14.3428
 49.5623 14.3428
 49.3214 14.3666
 49.0822 14.3666
 48.8441 14.3667
 48.6072 14.3667
 48.3715 14.3667
 48.1368 14.3667
 47.9029 14.3905
 47.6705 14.3905
 47.4393 14.3905
 47.2093 14.3905
 46.9803 14.3906
 46.7524 14.3906
 46.5257 14.3906
 46.2995 14.4144
 46.075 14.4144
 45.8515 14.4144
 45.6291 14.4144
 45.4078 14.4144
 45.1876 14.4144
 44.968 14.4383
 44.7499 14.4383
 44.5328 14.4383
 44.3168 14.4383
 44.1019 14.4383
 43.888 14.4383
 43.6747 14.4621
 43.4628 14.4622
 43.252 14.4622
 43.0423 14.4622
 42.8335 14.4622
 42.6257 14.4622
 42.4186 14.486
 42.2128 14.486
 42.0081 14.486
 41.8044 14.4861
 41.6016 14.4861
 41.3994 14.5099
 41.1985 14.5099
 40.9988 14.5099
 40.7999 14.5099
 40.6019 14.5099
 40.4047 14.5337
 40.2086 14.5337
 40.0137 14.5338
 39.8197 14.5338
 39.6265 14.5338
 39.4339 14.5575
 39.2427 14.5575
 39.0523 14.5575
 38.8629 14.5575
 38.6743 14.5575
 38.4865 14.5814
 38.2998 14.5814
 38.114 14.5815
 37.9292 14.5815
 37.7452 14.5815
 37.5617 14.6053
 37.3796 14.6053
 37.1983 14.6053
 37.0179 14.6053
 36.838 14.6291
 36.6593 14.6291
 36.4815 14.6292
 36.3045 14.6292
 36.1285 14.6292
 35.9529 14.653
 35.7785 14.653
 35.605 14.653
 35.4323 14.653
 35.2601 14.6768
 35.089 14.6768
 34.9189 14.6768
 34.7495 14.6768
 34.5809 14.6768
 34.4129 14.7006
 34.246 14.7006
 34.0799 14.7006
 33.9146 14.7006
 33.7497 14.7245
 33.5861 14.7245
 33.4232 14.7245
 33.261 14.7246
 33.0997 14.7246
 32.9388 14.7484
 32.7791 14.7484
 32.62 14.7484
 32.4619 14.7484
 32.3045 14.7484
 32.1474 14.7722
 31.9915 14.7722
 31.8364 14.7723
 31.6819 14.7723
 31.528 14.7961
 31.3751 14.7961
 31.2229 14.7961
 31.0714 14.7961
 30.9207 14.7961
 30.7705 14.8199
 30.6212 14.8199
 30.4727 14.8199
 30.3249 14.8199
 30.1778 14.8199
 30.0311 14.8437
 29.8855 14.8437
 29.7405 14.8437
 29.5963 14.8437
 29.4525 14.8676
 29.3096 14.8676
 29.1674 14.8677
 29.026 14.8677
 28.8849 14.8915
 28.7448 14.8915
 28.6054 14.8915
 28.4667 14.8915
 28.3286 14.8915
 28.1909 14.9153
 28.0542 14.9153
 27.9181 14.9153
 27.7827 14.9154
 27.6477 14.9392
 27.5135 14.9392
 27.3801 14.9392
 27.2473 14.9392
 27.1149 14.963
 26.9834 14.963
 26.8525 14.963
 26.7223 14.963
 26.5924 14.9868
 26.4634 14.9868
 26.3351 14.9868
 26.2071 15.0107
 26.08 15.0107
 25.9535 15.0107
 25.8276 15.0107
 25.7021 15.0345
 25.5774 15.0345
 25.4534 15.0345
 25.3296 15.0583
 25.2068 15.0583
 25.0845 15.0584
 24.9628 15.0584
 24.8415 15.0822
 24.721 15.0822
 24.6012 15.0822
 24.4816 15.106
 24.3629 15.106
 24.2447 15.106
 24.1271 15.106
 24.0098 15.1298
 23.8934 15.1298
 23.7774 15.1299
 23.6619 15.1536
 23.5472 15.1537
 23.433 15.1537
 23.3191 15.1775
 23.206 15.1775
 23.0934 15.1775
 22.9811 15.2013
 22.8697 15.2013
 22.7588 15.2013
 22.6482 15.2251
 22.5383 15.2251
 22.429 15.2251
 22.3202 15.2252
 22.2118 15.249
 22.104 15.249
 21.9968 15.249
 21.8899 15.2728
 21.7837 15.2728
 21.6781 15.2728
 21.5727 15.2966
 21.4681 15.2966
 21.3639 15.2966
 21.2601 15.3204
 21.157 15.3204
 21.0544 15.3205
 20.9521 15.3442
 20.8504 15.3443
 20.7492 15.3443
 20.6484 15.3681
 20.5483 15.3681
 20.4487 15.3681
 20.3495 15.3681
 20.2506 15.3919
 20.1524 15.3919
 20.0546 15.3919
 19.9572 15.4157
 19.8604 15.4158
 19.764 15.4158
 19.668 15.4396
 19.5726 15.4396
 19.4776 15.4396
 19.383 15.4634
 19.289 15.4634
 19.1954 15.4634
 19.1023 15.4634
 19.0095 15.4872
 18.9173 15.4872
 18.8255 15.4873
 18.734 15.511
 18.6432 15.511
 18.5527 15.511
 18.4626 15.5349
 18.373 15.5349
 18.2839 15.5349
 18.195 15.5587
 18.1068 15.5587
 18.019 15.5587
 17.9316 15.5587
 17.8444 15.5825
 17.7579 15.5825
 17.6718 15.5826
 17.5859 15.6064
 17.5006 15.6064
 17.4157 15.6064
 17.331 15.6301
 17.2469 15.6301
 17.1633 15.6301
 17.0801 15.6301
 16.9971 15.654
 16.9146 15.654
 16.8326 15.654
 16.751 15.6541
 16.6695 15.6779
 16.5887 15.6779
 16.5082 15.6779
 16.4282 15.6779
 16.3483 15.7017
 16.269 15.7017
 16.1901 15.7017
 16.1116 15.7017
 16.0333 15.7255
 15.9555 15.7256
 15.878 15.7256
 15.8011 15.7256
 15.7243 15.7494
 15.6481 15.7494
 15.5722 15.7494
 15.4966 15.7494
 15.4215 15.7494
 15.3465 15.7732
 15.2721 15.7732
 15.198 15.7732
 15.1243 15.7732
 15.051 15.7732
 14.9778 15.7971
 14.9052 15.7971
 14.8329 15.7971
 14.7609 15.7971
 14.6893 15.7972
 14.6181 15.7972
 14.547 15.821
 14.4765 15.821
 14.4062 15.821
 14.3364 15.821
 14.2669 15.821
 14.1977 15.821
 14.1288 15.8211
 14.0603 15.8211
 13.9919 15.8449
 13.9241 15.8449
 13.8566 15.8449
 13.7893 15.8449
 13.7225 15.8449
 13.6559 15.8449
 13.5897 15.845
 13.5238 15.845
 13.4582 15.845
 13.3929 15.845
 13.3279 15.845
 13.2633 15.845
 13.1988 15.8688
 13.1348 15.8689
 13.0711 15.8689
 13.0077 15.8689
 12.9445 15.8689
 12.8818 15.8689
 12.8194 15.8689
 12.7572 15.8689
 12.6953 15.869
 12.6337 15.869
 12.5725 15.869
 12.5114 15.869
 12.4508 15.869
 12.3904 15.869
 12.3303 15.8691
 12.2705 15.8691
 12.211 15.8691
 12.1518 15.8691
 12.0928 15.8691
 12.0342 15.8691
 11.9759 15.8454
 11.9178 15.8454
 11.8599 15.8454
 11.8025 15.8454
 11.7452 15.8455
 11.6883 15.8455
 11.6316 15.8455
 11.5752 15.8455
 11.5191 15.8455
 11.4633 15.8218
 11.4077 15.8218
 11.3524 15.8218
 11.2973 15.8218
 11.2425 15.8218
 11.1881 15.7981
 11.1338 15.7981
 11.0798 15.7981
 11.0261 15.7981
 10.9726 15.7981
 10.9195 15.7744
 10.8666 15.7744
 10.8138 15.7744
 10.7614 15.7507
 10.7093 15.7507
 10.6574 15.7507
 10.6057 15.7507
 10.5544 15.7269
 10.5032 15.7269
 10.4523 15.7032
 10.4016 15.7032
 10.3512 15.7032
 10.3011 15.6795
 10.2511 15.6795
 10.2014 15.6795
 10.152 15.6558
 10.1028 15.6558
 10.0539 15.632
 10.0051 15.632
 9.9567 15.6082
 9.9083 15.6082
 9.8605 15.5845
 9.8126 15.5845
 9.7651 15.5608
 9.7178 15.5608
 9.6707 15.537
 9.6238 15.5371
 9.5773 15.5133
 9.5308 15.5133
 9.4847 15.4896
 9.4388 15.4658
 9.393 15.4658
 9.3475 15.4421
 9.3023 15.4183
 9.2572 15.4183
 9.2124 15.3946
 9.1678 15.3708
 9.1233 15.3708
 9.0791 15.3471
 9.0352 15.3233
 8.9914 15.3233
 8.9479 15.2995
 8.9045 15.2758
 8.8614 15.252
 8.8186 15.2283
 8.7759 15.2045
 8.7334 15.1808
 8.6911 15.157
 8.649 15.157
 8.6071 15.1333
 8.5655 15.1095
 8.524 15.0858
 8.4827 15.062
 8.4417 15.0382
 8.4008 15.0145
 8.3602 14.9907
 8.3197 14.967
 8.2793 14.9432
 8.2795 14.9194
 8.2796 14.8957
 8.2394 14.8957
 8.2395 14.8719
 8.2396 14.8481
 8.1997 14.8244
 8.16 14.8006
 8.1205 14.7769
 8.1206 14.753
 8.0813 14.7292
 8.0422 14.7056
 8.0423 14.6818
 8.0034 14.658
 7.9646 14.6343
 7.9647 14.6105
 7.9262 14.5867
 7.9262 14.563
 7.8879 14.5392
 7.8497 14.5154
 7.8498 14.4917
 7.8117 14.4679
 7.8119 14.4442
 7.7741 14.4203
 7.7741 14.3966
 7.7365 14.3729
 7.7366 14.3491
 7.6991 14.3253
 7.6992 14.3016
 7.6619 14.2778
 7.662 14.254
 7.6249 14.2303
 7.625 14.2065
 7.588 14.1827
 7.5882 14.159
 7.5883 14.1352
 7.5514 14.1114
 7.5516 14.0877
 7.5151 14.0639
 7.5151 14.0401
 7.4788 14.0164
 7.4788 13.9926
 7.4788 13.9687
 7.4426 13.9451
 7.4428 13.9213
 7.4068 13.8975
 7.4068 13.8738
 7.4069 13.85
 7.3711 13.8262
 7.3711 13.8024
 7.3712 13.7787
 7.3355 13.7549
 7.3356 13.7311
 7.3357 13.7074
 7.3002 13.6836
 7.3003 13.6598
 7.3003 13.636
 7.265 13.6122
 7.2651 13.5885
 7.2651 13.5648
 7.23 13.541
 7.2301 13.5171
 7.2301 13.4934
 7.1951 13.4697
 7.1952 13.4459
 7.1953 13.4221
 7.1953 13.3984
 7.1605 13.3746
 7.1606 13.3508
 7.1607 13.3271
 7.126 13.3033
 7.1261 13.2795
 7.1262 13.2558
 7.0917 13.232
 7.0917 13.2082
 7.0918 13.1844
 7.0575 13.1607
 7.0576 13.1369
 7.0576 13.1131
 7.0577 13.0894
 7.0235 13.0656
 7.0236 13.0418
 7.0237 13.0181
 7.0237 12.9943
 6.9898 12.9705
 6.9898 12.9468
 6.9899 12.923
 6.99 12.8992
 6.9561 12.8754
 6.9562 12.8517
 6.9563 12.8279
 6.9563 12.8041
 6.9226 12.7804
 6.9226 12.7566
 6.9228 12.7328
 6.9229 12.709
 6.8894 12.6853
 6.8894 12.6615
 6.8895 12.6377
 6.8896 12.6139
 6.8897 12.5901
 6.8563 12.5664
 6.8564 12.5427
 6.8564 12.5189
 6.8565 12.495
 6.8233 12.4714
 6.8234 12.4476
 6.8235 12.4238
 6.8235 12.4
 6.8235 12.3763
 6.7906 12.3525
 6.7906 12.3287
 6.7907 12.305
 6.7908 12.2812
 6.7579 12.2574
 6.758 12.2336
 6.7581 12.2099
 6.7581 12.1861
 6.7582 12.1623
 6.7583 12.1385
 6.7255 12.1148
 6.7256 12.091
 6.7257 12.0672
 6.7258 12.0435
 6.7258 12.0197
 6.6933 11.9959
 6.6933 11.9722
 6.6934 11.9484
 6.6935 11.9245
 6.6935 11.9008
 6.6611 11.8771
 6.6612 11.8533
 6.6613 11.8295
 6.6613 11.8058
 6.6614 11.782
 6.6292 11.7582
 6.6292 11.7345
 6.6293 11.7107
 6.6294 11.6869
 6.6294 11.6631
 6.6295 11.6394
 6.5974 11.6156
 6.5975 11.5918
 6.5975 11.568
 6.5976 11.5443
 6.5977 11.5205
 6.5977 11.4967
 6.5657 11.4729
 6.5659 11.4492
 6.5659 11.4254
 6.5659 11.4016
 6.5661 11.3779
 6.5661 11.3541
 6.5344 11.3303
 6.5344 11.3066
 6.5345 11.2828
 6.5346 11.259
 6.5346 11.2352
 6.5347 11.2115
 6.503 11.1877
 6.503 11.1639
 6.5032 11.1402
 6.5032 11.1164
 6.5032 11.0926
 6.5034 11.0688
 6.4719 11.0451
 6.472 11.0213
 6.4721 10.9975
 6.4721 10.9738
 6.4722 10.95
 6.4722 10.9262
 6.4409 10.9024
 6.441 10.8787
 6.4411 10.8549
 6.4411 10.8311
 6.4412 10.8074
 6.4412 10.7835
 6.4413 10.7598
 6.4101 10.7361
 6.4102 10.7123
 6.4102 10.6885
 6.4102 10.6646
 6.4104 10.641
 6.4104 10.6172
 6.3794 10.5934
 6.3795 10.5695
 6.3796 10.5459
 6.3796 10.5221
 6.3797 10.4983
 6.3798 10.4746
 6.3798 10.4508
 6.3489 10.427
 6.349 10.4032
 6.3491 10.3795
 6.3491 10.3557
 6.3492 10.3319
 6.3493 10.3081
 6.3493 10.2844
 6.3186 10.2606
 6.3187 10.2368
 6.3187 10.2131
 6.3188 10.1893
 6.3189 10.1655
 6.3189 10.1417
 6.319 10.1179
 6.2884 10.0942
 6.2885 10.0704
 6.2885 10.0467
 6.2886 10.0229
 6.2886 9.999
 6.2887 9.9752
 6.2888 9.9516
 6.2888 9.9278
 6.2584 9.904
 6.2585 9.8803
 6.2585 9.8565
 6.2586 9.8327
 6.2587 9.8089
 6.2587 9.7852
 6.2588 9.7614
 6.2285 9.7376
 6.2285 9.7139
 6.2286 9.6901
 6.2287 9.6663
 6.2287 9.6425
 6.2288 9.6188
 6.2288 9.595
 6.1987 9.5712
 6.1988 9.5474
 6.1988 9.5237
 6.1989 9.4999
 6.199 9.4761
 6.199 9.4524
 6.1991 9.4285
 6.1992 9.4048
 6.1692 9.3811
 6.1692 9.3573
 6.1693 9.3335
 6.1693 9.3096
 6.1694 9.286
 6.1695 9.2622
 6.1695 9.2384
 6.1397 9.2147
 6.1397 9.1909
 6.1398 9.1671
 6.1399 9.1433
 6.1399 9.1196
 6.14 9.0958
 6.14 9.072
 6.1401 9.0482
 6.1104 9.0245
 6.1104 9.0007
 6.1105 8.9769
 6.1106 8.9532
 6.1106 8.9294
 6.1107 8.9056
 6.1108 8.8818
 6.0812 8.858
 6.0812 8.8343
 6.0813 8.8105
 6.0814 8.7867
 6.0814 8.763
 6.0815 8.7391
 6.0815 8.7154
 6.0816 8.6917
 6.0522 8.6679
 6.0522 8.6441
 6.0523 8.6202
 6.0524 8.5966
 6.0524 8.5728
 6.0525 8.549
 6.0525 8.5252
 6.0232 8.5015
 6.0233 8.4777
 6.0234 8.4539
 6.0234 8.4302
 6.0235 8.4064
 6.0235 8.3826
 6.0236 8.3588
 6.0237 8.3351
 5.9945 8.3113
 5.9946 8.2875
 5.9946 8.2638
 5.9947 8.24
 5.9948 8.2162
 5.9948 8.1924
 5.9949 8.1687
 5.9659 8.1449
 5.9659 8.1211
 5.966 8.0974
 5.966 8.0735
 5.9661 8.0498
 5.9662 8.026
 5.9662 8.0023
 5.9663 7.9785
 5.9374 7.9546
 5.9375 7.931
 5.9375 7.9072
 5.9376 7.8834
 5.9376 7.8596
 5.9377 7.8359
 5.9378 7.8121
 5.9378 7.7883
 5.9091 7.7646
 5.9091 7.7408
 5.9092 7.717
 5.9093 7.6932
 5.9093 7.6695
 5.9094 7.6457
 5.9094 7.6219
 5.8808 7.5981
 5.8809 7.5744
 5.881 7.5506
 5.881 7.5268
 5.8811 7.503
 5.8811 7.4793
 5.8812 7.4555
 5.8813 7.4317
 5.8528 7.408
 5.8529 7.3841
 5.8529 7.3604
 5.853 7.3367
 5.853 7.3129
 5.8531 7.2891
 5.8531 7.2652
 5.8248 7.2416
 5.8249 7.2178
 5.8249 7.194
 5.825 7.1703
 5.8251 7.1465
 5.8251 7.1227
 5.8252 7.0989
 5.8252 7.0752
 5.8253 7.0514
 5.7971 7.0276
 5.7972 7.0038
 5.7972 6.9801
 5.7973 6.9563
 5.7973 6.9325
 5.7974 6.9088
 5.7692 6.885
 5.7694 6.8612
 5.7694 6.8374
 5.7694 6.8136
 5.7696 6.7899
 5.7696 6.7661
 5.7697 6.7423
 5.7418 6.7186
 5.7418 6.6947
 5.7419 6.671
 5.7419 6.6473
 5.742 6.6235
 5.742 6.5997
 5.7143 6.576
 5.7143 6.5522
 5.7144 6.5284
 5.7144 6.5046
 5.7145 6.4809
 5.7145 6.4571
 5.6869 6.4333
 5.6869 6.4096
 5.687 6.3858
 5.6871 6.362
 5.6871 6.3382
 5.6872 6.3145
 5.6596 6.2907
 5.6597 6.2669
 5.6598 6.2432
 5.6598 6.2194
 5.6599 6.1956
 5.6599 6.1718
 5.6324 6.1481
 5.6326 6.1243
 5.6326 6.1005
 5.6327 6.0768
 5.6328 6.053
 5.6055 6.0292
 5.6056 6.0054
 5.6056 5.9817
 5.6057 5.9579
 5.6057 5.9341
 5.6058 5.9104
 5.5786 5.8866
