6.1832, 9.769
6.1922, 9.7553
6.2012, 9.7553
6.2103, 9.7418
6.2193, 9.7283
6.2284, 9.7147
6.2374, 9.7147
6.2465, 9.701
6.2555, 9.6875
6.2646, 9.6739
6.2736, 9.6739
6.2827, 9.6602
6.2917, 9.6467
6.3008, 9.6467
6.3098, 9.6332
6.3188, 9.6196
6.3279, 9.6059
6.3369, 9.6059
6.346, 9.5924
6.355, 9.5788
6.3641, 9.5788
6.3731, 9.5652
6.3822, 9.5516
6.3912, 9.5516
6.4003, 9.538
6.4093, 9.5245
6.4183, 9.5109
6.4274, 9.5109
6.4364, 9.4973
6.4455, 9.4837
6.4545, 9.4837
6.4636, 9.4701
6.4726, 9.4565
6.4817, 9.4565
6.4907, 9.4429
6.4998, 9.4293
6.5088, 9.4293
6.5179, 9.4158
6.5269, 9.4022
6.536, 9.4022
6.545, 9.3886
6.554, 9.375
6.5631, 9.375
6.5721, 9.3614
6.5812, 9.3614
6.5901, 9.3477
6.5993, 9.3342
6.6082, 9.3342
6.6174, 9.3207
6.6263, 9.3071
6.6355, 9.3071
6.6444, 9.2934
6.6536, 9.2799
6.6625, 9.2799
6.6717, 9.2663
6.6806, 9.2527
6.6898, 9.2527
6.6987, 9.2391
6.7079, 9.2391
6.7168, 9.2255
6.7259, 9.212
6.7349, 9.212
6.744, 9.1984
6.753, 9.1848
6.7621, 9.1848
6.7711, 9.1712
6.7802, 9.1712
6.7893, 9.1576
6.7983, 9.144
6.8074, 9.144
6.8164, 9.1304
6.8255, 9.1304
6.8345, 9.1168
6.8436, 9.1033
6.8526, 9.1033
6.8617, 9.0897
6.8707, 9.0897
6.8798, 9.0761
6.8888, 9.0625
6.8978, 9.0625
6.9069, 9.0489
6.9159, 9.0489
6.925, 9.0352
6.934, 9.0217
6.9431, 9.0217
6.9521, 9.0082
6.9612, 9.0082
6.9702, 8.9946
6.9792, 8.9809
6.9883, 8.9809
6.9973, 8.9674
7.0064, 8.9674
7.0155, 8.9538
7.0245, 8.9538
7.0336, 8.9402
7.0426, 8.9266
7.0517, 8.9266
7.0607, 8.913
7.0698, 8.913
7.0788, 8.8995
7.0879, 8.8995
7.0969, 8.8859
7.1059, 8.8723
7.115, 8.8723
7.124, 8.8587
7.1331, 8.8587
7.1421, 8.8451
7.1512, 8.8451
7.1602, 8.8315
7.1693, 8.8178
7.1783, 8.8178
7.1874, 8.8043
7.1964, 8.8043
7.2055, 8.7908
7.2145, 8.7908
7.2236, 8.7772
7.2326, 8.7635
7.2417, 8.7635
7.2507, 8.75
7.2598, 8.75
7.2688, 8.7364
7.2779, 8.7364
7.2869, 8.7227
7.2959, 8.7092
7.305, 8.7092
7.314, 8.6957
7.3231, 8.6957
7.3321, 8.6821
7.3412, 8.6821
7.3502, 8.6684
7.3593, 8.6549
7.3683, 8.6549
7.3774, 8.6413
7.3864, 8.6413
7.3955, 8.6277
7.4045, 8.6141
7.4136, 8.6141
7.4226, 8.6005
7.4317, 8.6005
7.4407, 8.587
7.4498, 8.5734
7.4588, 8.5734
7.4679, 8.5598
7.4769, 8.5598
7.486, 8.5462
7.495, 8.5326
7.504, 8.5326
7.5131, 8.519
7.5221, 8.519
7.5312, 8.5053
7.5402, 8.4918
7.5493, 8.4918
7.5583, 8.4783
7.5674, 8.4783
7.5764, 8.4647
7.5855, 8.4511
7.5945, 8.4511
7.6036, 8.4375
7.6126, 8.4375
7.6217, 8.4239
7.6307, 8.4102
7.6398, 8.4102
7.6488, 8.3967
7.6579, 8.3967
7.6669, 8.3832
7.6759, 8.3696
7.685, 8.3696
7.694, 8.3559
7.7031, 8.3559
7.7121, 8.3424
7.7212, 8.3424
7.7302, 8.3288
7.7393, 8.3152
7.7483, 8.3152
7.7574, 8.3016
7.7664, 8.3016
7.7755, 8.288
7.7845, 8.2745
7.7936, 8.2745
7.8026, 8.2609
7.8117, 8.2609
7.8207, 8.2473
7.8298, 8.2473
7.8388, 8.2337
7.8479, 8.2337
7.8569, 8.2201
7.8659, 8.2065
7.875, 8.2065
7.884, 8.1929
7.8931, 8.1929
7.9021, 8.1793
7.9112, 8.1793
7.9202, 8.1658
7.9293, 8.1522
7.9383, 8.1522
7.9474, 8.1386
7.9564, 8.1386
7.9655, 8.125
7.9745, 8.125
7.9836, 8.1114
7.9926, 8.1114
8.0017, 8.0977
8.0107, 8.0842
8.0198, 8.0842
8.0288, 8.0707
8.0379, 8.0707
8.0469, 8.0571
8.056, 8.0571
8.065, 8.0435
8.0741, 8.0435
8.0831, 8.0299
8.0922, 8.0299
8.1012, 8.0163
8.1102, 8.0027
8.1193, 8.0027
8.1284, 8.0027
8.1374, 7.9891
8.1465, 7.9891
8.1464, 7.9755
8.1555, 7.9755
8.1645, 7.962
8.1736, 7.962
8.1826, 7.9484
8.1917, 7.9484
8.2006, 7.9348
8.2098, 7.9212
8.2187, 7.9212
8.2279, 7.9076
8.2368, 7.9076
8.246, 7.894
8.255, 7.894
8.2641, 7.8803
8.2731, 7.8803
8.2822, 7.8668
8.2912, 7.8533
8.3003, 7.8533
8.3093, 7.8397
8.3184, 7.8397
8.3274, 7.826
8.3365, 7.826
8.3455, 7.8125
8.3546, 7.8125
8.3636, 7.7989
8.3726, 7.7852
8.3817, 7.7852
8.3907, 7.7717
8.3998, 7.7717
8.4088, 7.7582
8.4179, 7.7582
8.4269, 7.7446
8.436, 7.7446
8.445, 7.7309
8.4541, 7.7174
8.4631, 7.7174
8.4722, 7.7038
8.4812, 7.7038
8.4903, 7.7038
8.4993, 7.6902
8.5084, 7.6902
8.5084, 7.6766
8.5173, 7.6766
8.5265, 7.663
8.5354, 7.663
8.5446, 7.6495
8.5535, 7.6495
8.5627, 7.6359
8.5716, 7.6223
8.5808, 7.6223
8.5897, 7.6087
8.5989, 7.6087
8.6078, 7.5951
8.617, 7.5951
8.626, 7.5815
8.635, 7.5815
8.6441, 7.5678
8.6531, 7.5678
8.6622, 7.5543
8.6712, 7.5543
8.6803, 7.5408
8.6893, 7.5408
8.6984, 7.5272
8.7074, 7.5272
8.7165, 7.5135
8.7255, 7.5135
8.7346, 7.5
8.7436, 7.5
8.7527, 7.4864
8.7617, 7.4864
8.7708, 7.4727
8.7798, 7.4727
8.7889, 7.4592
8.7979, 7.4592
8.807, 7.4457
8.8159, 7.4457
8.8251, 7.4321
8.834, 7.4321
8.8432, 7.4184
8.8521, 7.4184
8.8613, 7.4049
8.8702, 7.4049
8.8794, 7.3913
8.8883, 7.3913
8.8975, 7.3777
8.9064, 7.3777
8.9156, 7.3641
8.9245, 7.3641
8.9337, 7.3505
8.9426, 7.3505
8.9517, 7.337
8.9607, 7.337
8.9698, 7.3234
8.9788, 7.3234
8.9879, 7.3098
8.9969, 7.3098
9.006, 7.2962
9.0151, 7.2962
9.0241, 7.2826
9.0332, 7.2826
9.0422, 7.269
9.0513, 7.269
9.0603, 7.2554
9.0694, 7.2554
9.0784, 7.2418
9.0875, 7.2418
9.0965, 7.2283
9.1056, 7.2283
9.1146, 7.2147
9.1237, 7.2147
9.1327, 7.2011
9.1418, 7.2011
9.1508, 7.1875
9.1599, 7.1875
9.1689, 7.1875
9.178, 7.1739
9.187, 7.1739
9.187, 7.1602
9.1961, 7.1602
9.2051, 7.1467
9.2142, 7.1467
9.2232, 7.1332
9.2323, 7.1332
9.2413, 7.1196
9.2504, 7.1196
9.2594, 7.106
9.2685, 7.106
9.2775, 7.0924
9.2865, 7.0788
9.2955, 7.0788
9.3046, 7.0652
9.3136, 7.0652
9.3227, 7.0516
9.3317, 7.0516
9.3408, 7.038
9.3498, 7.038
9.3589, 7.0245
9.3679, 7.0245
9.377, 7.0109
9.386, 7.0109
9.3951, 6.9973
9.4042, 6.9973
9.4132, 6.9837
9.4223, 6.9837
9.4313, 6.9701
9.4404, 6.9701
9.4494, 6.9565
9.4585, 6.9428
9.4675, 6.9428
9.4766, 6.9293
9.4856, 6.9293
9.4947, 6.9158
9.5037, 6.9158
9.5128, 6.9022
9.5218, 6.8885
9.5309, 6.8885
9.5399, 6.875
9.549, 6.875
9.558, 6.8614
9.567, 6.8477
9.576, 6.8477
9.5851, 6.8342
9.5941, 6.8342
9.6032, 6.8207
9.6122, 6.8071
9.6213, 6.8071
9.6303, 6.7934
9.6394, 6.7934
9.6484, 6.7799
9.6575, 6.7663
9.6665, 6.7663
9.6756, 6.7527
9.6846, 6.7527
9.6937, 6.7391
9.7027, 6.7255
9.7118, 6.7255
9.7208, 6.712
9.7299, 6.6984
9.7389, 6.6984
9.748, 6.6848
9.757, 6.6712
9.7661, 6.6712
9.7751, 6.6576
9.7842, 6.644
9.7932, 6.644
9.8023, 6.6303
9.8113, 6.6303
9.8204, 6.6168
9.8294, 6.6033
9.8385, 6.6033
9.8475, 6.5897
9.8565, 6.576
9.8656, 6.576
9.8746, 6.5625
9.8837, 6.5489
9.8927, 6.5489
9.9018, 6.5352
9.9108, 6.5217
9.9199, 6.5082
9.9289, 6.5082
9.938, 6.4946
9.947, 6.4809
9.9561, 6.4809
9.9651, 6.4674
9.9742, 6.4674
9.9832, 6.4538
