#DataThief C:\Users\qwexva\Pictures\Screenshots\trial.png Sunday 27-Dec-2015 3:34:07 PM
 237.8087 13.9616
 236.5053 13.9616
 235.2092 13.9616
 233.9202 13.9617
 232.6381 13.9617
 231.3632 13.9617
 230.0953 13.9618
 228.8342 13.9618
 227.58 13.9618
 226.3329 13.9618
 225.0925 13.9619
 223.8589 13.9619
 222.632 13.9619
 221.4119 13.9619
 220.1985 13.962
 218.9899 13.9858
 217.7898 13.9858
 216.5962 13.9858
 215.4091 13.9858
 214.2286 13.9859
 213.0545 13.9859
 211.8869 13.9859
 210.7257 13.986
 209.5708 13.986
 208.4223 13.986
 207.28 13.986
 206.1424 14.0098
 205.0126 14.0098
 203.889 14.0099
 202.7715 14.0099
 201.6604 14.0099
 200.5552 14.01
 199.4561 14.01
 198.3629 14.01
 197.2758 14.01
 196.1947 14.0101
 195.1194 14.0101
 194.0501 14.0101
 192.9866 14.0101
 191.9274 14.0339
 190.8756 14.034
 189.8295 14.034
 188.7891 14.034
 187.7545 14.034
 186.7255 14.0341
 185.7022 14.0341
 184.6844 14.0341
 183.6723 14.0342
 182.6657 14.0342
 181.6646 14.0342
 180.669 14.0342
 179.6789 14.0343
 178.6941 14.0343
 177.7134 14.0581
 176.7393 14.0581
 175.7708 14.0581
 174.8075 14.0582
 173.8495 14.0582
 172.8967 14.0582
 171.9492 14.0582
 171.0068 14.0583
 170.0695 14.0583
 169.1376 14.0583
 168.2106 14.0583
 167.2888 14.0584
 166.3719 14.0584
 165.4602 14.0584
 164.5534 14.0585
 163.6515 14.0585
 162.7547 14.0585
 161.8627 14.0585
 160.9756 14.0586
 160.0934 14.0586
 159.216 14.0586
 158.3434 14.0586
 157.4757 14.0587
 156.6126 14.0587
 155.753 14.0825
 154.8995 14.0825
 154.0505 14.0825
 153.2063 14.0826
 152.3666 14.0826
 151.5316 14.0826
 150.701 14.0827
 149.8752 14.0827
 149.0539 14.0827
 148.237 14.0827
 147.4245 14.0828
 146.6166 14.0828
 145.8131 14.0828
 145.014 14.0828
 144.2192 14.0829
 143.4289 14.0829
 142.6428 14.0829
 141.8611 14.083
 141.0836 14.083
 140.3104 14.083
 139.5413 14.083
 138.7767 14.0831
 138.0161 14.0831
 137.2597 14.0831
 136.5074 14.0831
 135.7593 14.0832
 135.0154 14.0832
 134.2753 14.0832
 133.5394 14.0833
 132.8077 14.0833
 132.0798 14.0833
 131.3559 14.0833
 130.636 14.0834
 129.9201 14.0834
 129.2081 14.0834
 128.5 14.0834
 127.7957 14.0835
 127.0954 14.0835
 126.3989 14.0835
 125.7061 14.0836
 125.0172 14.0836
 124.3331 14.0598
 123.6517 14.0599
 122.974 14.0599
 122.3001 14.0599
 121.6298 14.06
 120.9632 14.06
 120.3003 14.06
 119.641 14.06
 118.9853 14.0601
 118.3332 14.0601
 117.6846 14.0601
 117.0397 14.0601
 116.3982 14.0602
 115.7612 14.0364
 115.1269 14.0365
 114.496 14.0365
 113.8685 14.0365
 113.2444 14.0365
 112.6238 14.0366
 112.0066 14.0366
 111.3927 14.0366
 110.7823 14.0367
 110.1751 14.0367
 109.5713 14.0367
 108.9717 14.013
 108.3745 14.013
 107.7806 14.013
 107.1899 14.0131
 106.6024 14.0131
 106.0182 14.0131
 105.4372 14.0131
 104.8593 14.0132
 104.2847 14.0132
 103.713 14.0132
 103.1456 13.9895
 102.5803 13.9895
 102.0181 13.9895
 101.459 13.9896
 100.903 13.9896
 100.35 13.9896
 99.8 13.9897
 99.253 13.9897
 98.709 13.9897
 98.169 13.966
 97.631 13.966
 97.0959 13.966
 96.5638 13.9661
 96.0346 13.9661
 95.5082 13.9661
 94.9848 13.9661
 94.465 13.9424
 93.9473 13.9424
 93.4324 13.9425
 92.9203 13.9425
 92.4112 13.9425
 91.9047 13.9425
 91.401 13.9426
 90.9008 13.9188
 90.4027 13.9189
 89.9072 13.9189
 89.4144 13.9189
 88.9245 13.9189
 88.4371 13.919
 87.9524 13.919
 87.4711 13.8953
 86.9918 13.8953
 86.515 13.8953
 86.0409 13.8954
 85.5693 13.8954
 85.1004 13.8954
 84.634 13.8954
 84.1708 13.8717
 83.7095 13.8717
 83.2508 13.8718
 82.7945 13.8718
 82.3408 13.8718
 81.8895 13.8718
 81.4407 13.8719
 80.995 13.8481
 80.5512 13.8481
 80.1097 13.8481
 79.6707 13.8481
 79.2341 13.8481
 78.7997 13.8483
 78.3686 13.8245
 77.9391 13.8246
 77.512 13.8246
 77.0872 13.8246
 76.6646 13.8246
 76.2445 13.8247
 75.8267 13.8247
 75.4117 13.801
 74.9984 13.801
 74.5874 13.801
 74.1787 13.801
 73.7721 13.8011
 73.3678 13.8011
 72.9663 13.7774
 72.5664 13.7774
 72.1687 13.7774
 71.7732 13.7774
 71.3799 13.7774
 70.9887 13.7774
 70.6002 13.7538
 70.2133 13.7538
 69.8285 13.7538
 69.4458 13.7539
 69.0652 13.7539
 68.6867 13.7539
 68.3108 13.7302
 67.9365 13.7302
 67.5641 13.7302
 67.1939 13.7303
 66.8256 13.7303
 66.4594 13.7303
 66.0957 13.7066
 65.7335 13.7066
 65.3732 13.7066
 65.0149 13.7067
 64.6585 13.7067
 64.3043 13.7067
 63.9518 13.7067
 63.6019 13.683
 63.2533 13.683
 62.9066 13.6831
 62.5619 13.6831
 62.219 13.6831
 61.878 13.6831
 61.5394 13.6594
 61.2022 13.6594
 60.8668 13.6595
 60.5332 13.6595
 60.2014 13.6595
 59.8715 13.6595
 59.5439 13.6358
 59.2175 13.6358
 58.893 13.6359
 58.5702 13.6359
 58.2493 13.6359
 57.93 13.636
 57.6125 13.636
 57.2973 13.6122
 56.9832 13.6122
 56.671 13.6122
 56.3604 13.6122
 56.0515 13.6124
 55.7443 13.6124
 55.4393 13.5886
 55.1354 13.5887
 54.8333 13.5887
 54.5328 13.5887
 54.2339 13.5888
 53.9367 13.5888
 53.6415 13.5651
 53.3475 13.5651
 53.0552 13.5651
 52.7644 13.5651
 52.4752 13.5652
 52.1876 13.5652
 51.9021 13.5415
 51.6176 13.5415
 51.3347 13.5415
 51.0534 13.5415
 50.7736 13.5415
 50.4953 13.5415
 50.2186 13.5415
 49.9438 13.5179
 49.6701 13.5179
 49.3979 13.5179
 49.1271 13.518
 48.8578 13.518
 48.5901 13.518
 48.3242 13.4943
 48.0594 13.4943
 47.796 13.4943
 47.5341 13.4944
 47.2736 13.4944
 47.0145 13.4944
 46.7568 13.4945
 46.5009 13.4707
 46.2461 13.4707
 45.9927 13.4708
 45.7406 13.4708
 45.4899 13.4708
 45.2406 13.4708
 44.9927 13.4708
 44.7465 13.4472
 44.5011 13.4472
 44.2572 13.4472
 44.0148 13.4472
 43.7736 13.4473
 43.5337 13.4473
 43.2951 13.4473
 43.0582 13.4236
 42.8222 13.4236
 42.5875 13.4236
 42.3541 13.4237
 42.1219 13.4237
 41.8911 13.4237
 41.6616 13.4237
 41.4336 13.4
 41.2065 13.4
 40.9807 13.4001
 40.7561 13.4001
 40.5327 13.4001
 40.3106 13.4001
 40.0897 13.4002
 39.8702 13.3764
 39.6518 13.3765
 39.4344 13.3765
 39.2183 13.3765
 39.0034 13.3766
 38.7896 13.3766
 38.5771 13.3766
 38.3657 13.3766
 38.1557 13.3529
 37.9466 13.3529
 37.7386 13.353
 37.5318 13.353
 37.3261 13.353
 37.1216 13.353
 36.9181 13.3531
 36.7161 13.3293
 36.5149 13.3294
 36.3147 13.3294
 36.1157 13.3294
 35.9178 13.3294
 35.721 13.3295
 35.5252 13.3295
 35.3305 13.3295
 35.1372 13.3058
 34.9445 13.3058
 34.753 13.3058
 34.5626 13.3059
 34.3732 13.3059
 34.1848 13.3059
 33.9975 13.306
 33.8114 13.2822
 33.6261 13.2822
 33.4418 13.2823
 33.2586 13.2823
 33.0763 13.2823
 32.895 13.2824
 32.7147 13.2824
 32.5354 13.2824
 32.3574 13.2587
 32.1801 13.2587
 32.0037 13.2587
 31.8283 13.2588
 31.6539 13.2588
 31.4804 13.2588
 31.3079 13.2588
 31.1363 13.2589
 30.9659 13.2351
 30.7962 13.2352
 30.6274 13.2352
 30.4596 13.2352
 30.2926 13.2352
 30.1266 13.2353
 29.9615 13.2353
 29.7976 13.2116
 29.6343 13.2116
 29.4718 13.2116
 29.3103 13.2116
 29.1497 13.2117
 28.9899 13.2117
 28.8311 13.2117
 28.6733 13.188
 28.5162 13.188
 28.3599 13.1881
 28.2044 13.1881
 28.0499 13.1881
 27.8961 13.1881
 27.7433 13.1882
 27.5914 13.1644
 27.4402 13.1645
 27.2898 13.1645
 27.1403 13.1645
 26.9915 13.1645
 26.8436 13.1646
 26.6965 13.1646
 26.5504 13.1409
 26.4049 13.1409
 26.2602 13.1409
 26.1163 13.1409
 25.9731 13.141
 25.8308 13.141
 25.6892 13.141
 25.5487 13.1173
 25.4086 13.1173
 25.2694 13.1173
 25.1309 13.1174
 24.9931 13.1174
 24.8561 13.1174
 24.7202 13.0937
 24.5847 13.0937
 24.45 13.0937
 24.316 13.0937
 24.1827 13.0937
 24.0504 13.0701
 23.9186 13.0701
 23.7875 13.0701
 23.6571 13.0702
 23.5274 13.0702
 23.3985 13.0702
 23.2705 13.0465
 23.143 13.0465
 23.0161 13.0465
 22.89 13.0466
 22.7645 13.0466
 22.64 13.0228
 22.5159 13.0229
 22.3925 13.0229
 22.2698 13.0229
 22.1477 13.023
 22.0265 12.9992
 21.9058 12.9992
 21.7858 12.9992
 21.6663 12.9992
 21.5478 12.9756
 21.4297 12.9756
 21.3123 12.9756
 21.1955 12.9757
 21.0795 12.9519
 20.9639 12.9519
 20.8491 12.952
 20.7348 12.952
 20.6212 12.952
 20.5083 12.9283
 20.3959 12.9283
 20.2841 12.9284
 20.173 12.9284
 20.0626 12.9045
 19.9526 12.9047
 19.8433 12.9047
 19.7345 12.9047
 19.6265 12.881
 19.519 12.881
 19.412 12.8811
 19.3056 12.8811
 19.1998 12.8811
 19.0947 12.8574
 18.9901 12.8574
 18.886 12.8574
 18.7825 12.8575
 18.6797 12.8336
 18.5774 12.8336
 18.4755 12.8338
 18.3744 12.81
 18.2737 12.8101
 18.1736 12.8101
 18.0741 12.7864
 17.975 12.7864
 17.8766 12.7864
 17.7788 12.7627
 17.6813 12.7627
 17.5844 12.7627
 17.4882 12.7389
 17.3923 12.7389
 17.297 12.7391
 17.2024 12.7153
 17.1081 12.7154
 17.0143 12.7154
 16.9212 12.6917
 16.8285 12.6917
 16.7364 12.6679
 16.6447 12.668
 16.5535 12.668
 16.4628 12.6442
 16.3727 12.6442
 16.2831 12.6206
 16.1938 12.6206
 16.1051 12.6206
 16.0169 12.5969
 15.9292 12.5969
 15.842 12.5732
 15.7551 12.5732
 15.6689 12.5495
 15.5831 12.5495
 15.4977 12.5495
 15.4129 12.5258
 15.3284 12.5258
 15.2445 12.5021
 15.161 12.5021
 15.078 12.4784
 14.9954 12.4784
 14.9133 12.4546
 14.8316 12.4546
 14.7504 12.431
 14.6696 12.431
 14.5893 12.4073
 14.5093 12.4073
 14.4299 12.3836
 14.3509 12.3836
 14.2723 12.3599
 14.1941 12.3599
 14.1164 12.3361
 14.0392 12.3124
 13.9622 12.3124
 13.8858 12.2887
 13.8098 12.265
 13.7342 12.265
 13.659 12.2413
 13.5842 12.2413
 13.5098 12.2176
 13.4359 12.1938
 13.3623 12.1939
 13.2891 12.1701
 13.2163 12.1702
 13.144 12.1464
 13.072 12.1227
 13.0005 12.099
 12.9293 12.099
 12.8585 12.0753
 12.7881 12.0515
 12.7182 12.0278
 12.6484 12.0278
 12.5792 12.0041
 12.5104 11.9803
 12.4418 11.9804
 12.3738 11.9566
 12.306 11.9329
 12.2387 11.9092
 12.1717 11.8854
 12.1051 11.8617
 12.0388 11.8617
 11.9729 11.838
 11.9074 11.8143
 11.8422 11.7905
 11.7774 11.7668
 11.713 11.7431
 11.6489 11.7193
 11.5851 11.6956
 11.5217 11.6719
 11.4586 11.6481
 11.396 11.6244
 11.3336 11.6007
 11.3336 11.5769
 11.3338 11.5532
 11.2717 11.5532
 11.2718 11.5293
 11.21 11.5295
 11.2101 11.5057
 11.1487 11.482
 11.0877 11.4582
 11.0271 11.4344
 11.0271 11.4107
 10.9668 11.387
 10.9068 11.3633
 10.8471 11.3395
 10.8472 11.3158
 10.7877 11.292
 10.7288 11.2683
 10.6701 11.2446
 10.6702 11.2208
 10.6118 11.1971
 10.5537 11.1733
 10.496 11.1496
 10.496 11.1259
 10.4386 11.1021
 10.3815 11.0784
 10.3816 11.0546
 10.3248 11.0309
 10.2683 11.0072
 10.2683 10.9834
 10.2122 10.9597
 10.2122 10.9359
 10.1562 10.9122
 10.1008 10.8883
 10.1009 10.8647
 10.0456 10.841
 10.0457 10.8172
 9.9907 10.7934
 9.936 10.7697
 9.9361 10.746
 9.8817 10.7222
 9.8818 10.6985
 9.8277 10.6747
 9.8277 10.651
 9.774 10.6272
 9.7741 10.6035
 9.7206 10.5798
 9.7207 10.556
 9.6675 10.5323
 9.6676 10.5085
 9.6147 10.4848
 9.6148 10.461
 9.5621 10.4373
 9.5622 10.4135
 9.5099 10.3898
 9.51 10.366
 9.4579 10.3423
 9.458 10.3185
 9.4062 10.2948
 9.4062 10.271
 9.4064 10.2473
 9.3549 10.2235
 9.355 10.1998
 9.3038 10.1761
 9.3039 10.1522
 9.253 10.1286
 9.253 10.1048
 9.2024 10.0811
 9.2025 10.0573
 9.2026 10.0335
 9.1522 10.0098
 9.1522 9.9861
 9.1022 9.9623
 9.1023 9.9386
 9.1023 9.9148
 9.0525 9.8911
 9.0526 9.8673
 9.0031 9.8436
 9.0031 9.8197
 9.0032 9.7961
 8.9539 9.7723
 8.954 9.7486
 8.905 9.7248
 8.9051 9.701
 8.9052 9.6773
 8.8564 9.6536
 8.8565 9.6298
 8.8566 9.6061
 8.8081 9.5823
 8.8082 9.5586
 8.8083 9.5348
 8.7601 9.511
 8.7601 9.4873
 8.7122 9.4636
 8.7123 9.4398
 8.7123 9.4161
 8.6646 9.3923
 8.6646 9.3686
 8.6648 9.3448
 8.6174 9.3211
 8.6174 9.2973
 8.6175 9.2736
 8.5704 9.2498
 8.5704 9.2261
 8.5705 9.2023
 8.5236 9.1786
 8.5237 9.1548
 8.5237 9.131
 8.5238 9.1073
 8.4772 9.0836
 8.4772 9.0598
 8.4773 9.036
 8.4309 9.0123
 8.431 8.9885
 8.431 8.9647
 8.3849 8.9409
 8.385 8.9173
 8.385 8.8935
 8.3392 8.8698
 8.3392 8.846
 8.3393 8.8223
 8.2937 8.7985
 8.2937 8.7748
 8.2938 8.751
 8.2484 8.7273
 8.2485 8.7035
 8.2485 8.6798
 8.2486 8.656
 8.2035 8.6322
 8.2035 8.6085
 8.2036 8.5848
 8.1587 8.561
 8.1588 8.5373
 8.1588 8.5135
 8.1589 8.4897
 8.1143 8.466
 8.1143 8.4423
 8.1144 8.4184
 8.07 8.3948
 8.0701 8.371
 8.0701 8.3472
 8.0702 8.3235
 8.026 8.2997
 8.0261 8.276
 8.0262 8.2522
 8.0262 8.2285
 8.0263 8.2046
 7.9824 8.181
 7.9824 8.1572
 7.9825 8.1335
 7.9826 8.1097
 7.9388 8.086
 7.9388 8.0622
 7.939 8.0384
 7.8956 8.0147
 7.8956 7.9909
 7.8524 7.9672
 7.8525 7.9435
 7.8526 7.9197
 7.8526 7.8959
 7.8096 7.8721
 7.8096 7.8484
 7.8098 7.8247
 7.8098 7.8009
 7.7671 7.7772
 7.7671 7.7534
 7.7671 7.7297
 7.7247 7.7059
 7.7248 7.6822
 7.7248 7.6583
 7.7248 7.6347
 7.6825 7.6109
 7.6827 7.5872
 7.6827 7.5634
 7.6827 7.5396
 7.6408 7.5159
 7.6408 7.4921
 7.6409 7.4684
 7.5991 7.4447
 7.5992 7.4209
 7.5992 7.3971
 7.5993 7.3734
 7.5577 7.3496
 7.5577 7.3259
 7.5577 7.3021
 7.5579 7.2784
 7.5165 7.2546
 7.5166 7.2309
 7.5166 7.2071
 7.4755 7.1834
 7.4756 7.1596
 7.4756 7.1359
 7.4757 7.1121
 7.4348 7.0884
 7.4348 7.0646
 7.4349 7.0408
 7.435 7.0171
 7.3942 6.9933
 7.3942 6.9696
 7.3944 6.9458
 7.3538 6.9221
 7.354 6.8982
 7.3541 6.8746
 7.3541 6.8508
 7.3139 6.8271
 7.3139 6.8033
 7.314 6.7795
 7.314 6.7558
 7.274 6.7321
 7.2741 6.7083
 7.2741 6.6846
 7.2343 6.6608
 7.2344 6.6371
 7.2345 6.6133
 7.2345 6.5895
 7.1949 6.5657
 7.195 6.542
 7.195 6.5183
 7.1951 6.4945
 7.1557 6.4708
 7.1558 6.447
 7.1558 6.4233
 7.1167 6.3995
 7.1167 6.3758
 7.1168 6.3519
 7.1169 6.3283
 7.0779 6.3045
 7.078 6.2808
 7.078 6.257
 7.0393 6.2333
 7.0394 6.2095
 7.0394 6.1858
 7.0009 6.162
 7.0009 6.1383
 7.001 6.1145
 6.9627 6.0908
 6.9627 6.067
 6.9245 6.0433
 6.9247 6.0195
 6.8868 5.9958
 6.8869 5.972
 6.8492 5.9483
 6.8115 5.9483
 6.8117 5.9245
 6.7744 5.9245
 6.7372 5.9008
 6.7372 5.8771
 6.7004 5.8771
 6.6636 5.9009
 6.7004 5.9009
 6.6636 5.9247
 6.6635 5.9484
 6.627 5.9722
 6.6269 5.996
 6.6269 6.0197
 6.6268 6.0435
 6.6267 6.0673
 6.6267 6.091
 6.6266 6.1148
 6.6266 6.1385
 6.6265 6.1623
 6.6265 6.1861
 6.6263 6.2098
 6.6263 6.2336
 6.6263 6.2572
 6.6263 6.2811
 6.6261 6.3049
 6.6261 6.3286
 6.6261 6.3524
 6.626 6.3761
 6.626 6.3999
 6.6259 6.4237
 6.6259 6.4474
 6.6258 6.4712
 6.6258 6.4949
 6.5894 6.5187
 6.5894 6.5425
 6.5893 6.5662
 6.5892 6.5899
 6.5892 6.6138
 6.5891 6.6375
 6.5891 6.6613
 6.589 6.685
 6.589 6.7088
 6.5889 6.7326
 6.5889 6.7563
 6.5888 6.7801
 6.5888 6.8037
 6.5887 6.8276
 6.5887 6.8514
 6.5886 6.8751
 6.5886 6.8989
 6.5885 6.9226
 6.5884 6.9464
 6.5884 6.9702
 6.5883 6.9939
 6.5883 7.0177
 6.5521 7.0415
 6.5521 7.0652
 6.552 7.089
 6.552 7.1127
 6.5518 7.1365
 6.5518 7.1602
 6.5518 7.184
 6.5516 7.2078
 6.5516 7.2315
