#DataThief C:\Users\qwexva\Pictures\Screenshots\trial.png Sunday 27-Dec-2015 4:57:29 PM
 240.4839 13.3913
 239.166 13.3913
 237.8552 13.3914
 236.5516 13.3914
 235.2553 13.3914
 233.966 13.3914
 232.6838 13.3915
 231.4085 13.3915
 230.1403 13.3915
 228.8791 13.3915
 227.6247 13.3916
 226.3772 13.3916
 225.1366 13.3916
 223.9026 13.3916
 222.6775 13.3679
 221.4571 13.3679
 220.2434 13.3679
 219.0364 13.3679
 217.8359 13.3679
 216.6421 13.3681
 215.4548 13.3681
 214.2741 13.3681
 213.0997 13.3681
 211.9319 13.3682
 210.7704 13.3682
 209.6153 13.3682
 208.4682 13.3445
 207.3256 13.3445
 206.1895 13.3445
 205.0594 13.3446
 203.9356 13.3446
 202.818 13.3446
 201.7065 13.3446
 200.601 13.3447
 199.5016 13.3447
 198.4083 13.3447
 197.3225 13.321
 196.2411 13.321
 195.1656 13.3211
 194.096 13.3211
 193.0323 13.3211
 191.9744 13.3211
 190.9223 13.3212
 189.876 13.3212
 188.8369 13.2974
 187.802 13.2974
 186.7728 13.2974
 185.7492 13.2974
 184.7311 13.2976
 183.7187 13.2976
 182.7119 13.2976
 181.7106 13.2976
 180.7162 13.2739
 179.7258 13.2739
 178.7408 13.274
 177.7612 13.274
 176.787 13.274
 175.8182 13.274
 174.8546 13.2741
 173.8977 13.2503
 172.9447 13.2504
 171.9969 13.2504
 171.0543 13.2504
 170.1168 13.2505
 169.1844 13.2505
 168.2587 13.2267
 167.3366 13.2268
 166.4195 13.2268
 165.5074 13.2268
 164.6004 13.2269
 163.6983 13.2269
 162.8025 13.2031
 161.9102 13.2032
 161.0229 13.2032
 160.1404 13.2032
 159.2628 13.2033
 158.3913 13.1795
 157.5232 13.1796
 156.6599 13.1796
 155.8014 13.1796
 154.9475 13.1796
 154.0983 13.1797
 153.255 13.1559
 152.4151 13.156
 151.5798 13.156
 150.749 13.156
 149.9242 13.1323
 149.1025 13.1323
 148.2854 13.1323
 147.4727 13.1324
 146.6644 13.1324
 145.8618 13.1087
 145.0625 13.1087
 144.2675 13.1087
 143.4769 13.1087
 142.6917 13.085
 141.9097 13.085
 141.132 13.0851
 140.3585 13.0851
 139.5893 13.0851
 138.8254 13.0614
 138.0646 13.0614
 137.3079 13.0614
 136.5554 13.0615
 135.8081 13.0377
 135.0639 13.0378
 134.3235 13.0378
 133.5875 13.0378
 132.8565 13.0141
 132.1283 13.0141
 131.4042 13.0141
 130.6851 12.9904
 129.9689 12.9904
 129.2566 12.9905
 128.5483 12.9905
 127.8448 12.9667
 127.1442 12.9668
 126.4474 12.9668
 125.7544 12.9668
 125.0662 12.9431
 124.3808 12.9431
 123.6991 12.9432
 123.0212 12.9432
 122.3479 12.9194
 121.6775 12.9195
 121.0106 12.9195
 120.3484 12.8958
 119.6888 12.8958
 119.0329 12.8958
 118.3815 12.8721
 117.7327 12.8721
 117.0875 12.8721
 116.4468 12.8484
 115.8086 12.8484
 115.1739 12.8485
 114.5436 12.8247
 113.9159 12.8248
 113.2916 12.8248
 112.6716 12.8011
 112.0541 12.8011
 111.44 12.8011
 110.8302 12.7774
 110.2227 12.7774
 109.6187 12.7774
 109.0189 12.7537
 108.4214 12.7537
 107.8272 12.7538
 107.2371 12.73
 106.6494 12.73
 106.0658 12.7063
 105.4845 12.7063
 104.9064 12.7064
 104.3323 12.6825
 103.7605 12.6827
 103.1927 12.6589
 102.6272 12.659
 102.0648 12.659
 101.5062 12.6353
 100.9499 12.6353
 100.3975 12.6115
 99.8473 12.6116
 99.3001 12.6116
 98.7567 12.5878
 98.2154 12.5878
 97.678 12.5642
 97.1427 12.5642
 96.6103 12.5642
 96.0816 12.5405
 95.555 12.5405
 95.0321 12.5168
 94.5112 12.5168
 93.9933 12.5168
 93.479 12.4931
 92.9667 12.4931
 92.4579 12.4694
 91.9512 12.4694
 91.4473 12.4694
 90.9468 12.4457
 90.4484 12.4457
 89.9535 12.422
 89.4605 12.422
 88.9708 12.3982
 88.4833 12.3982
 87.999 12.3746
 87.5168 12.3746
 87.0372 12.3747
 86.5609 12.3509
 86.0865 12.3509
 85.6154 12.3272
 85.1461 12.3272
 84.6803 12.3035
 84.2162 12.3035
 83.7553 12.2798
 83.2963 12.2798
 82.8405 12.2561
 82.3865 12.2561
 81.9356 12.2324
 81.4866 12.2324
 81.0407 12.2086
 80.5965 12.2086
 80.1555 12.185
 79.7162 12.185
 79.28 12.1613
 78.8455 12.1613
 78.414 12.1376
 77.9843 12.1376
 77.5575 12.1139
 77.1325 12.1139
 76.7104 12.0902
 76.29 12.0902
 75.8725 12.0665
 75.4567 12.0665
 75.0438 12.0427
 74.6324 12.0428
 74.2241 12.019
 73.8173 12.0191
 73.4133 11.9952
 73.0116 11.9716
 72.6115 11.9716
 72.2141 11.9479
 71.8183 11.9479
 71.8189 11.9242
 71.4259 11.9003
 71.0345 11.9005
 70.6452 11.9005
 70.2586 11.8768
 69.8735 11.8768
 69.4912 11.853
 69.1103 11.8531
 68.7316 11.8531
 68.3549 11.8531
 67.9808 11.8294
 67.6088 11.8056
 67.2388 11.7819
 66.8709 11.7582
 66.5044 11.7582
 66.1405 11.7345
 65.778 11.7345
 65.418 11.7107
 65.06 11.6871
 64.7035 11.6871
 64.3494 11.6633
 63.9973 11.6396
 63.6465 11.6396
 63.2982 11.6159
 62.9513 11.6159
 62.6069 11.5922
 62.2642 11.5685
 61.923 11.5685
 61.584 11.5448
 61.2471 11.521
 60.9115 11.5211
 60.5782 11.4973
 60.2466 11.4736
 59.9165 11.4736
 59.5886 11.4499
 59.2625 11.4262
 58.9377 11.4262
 58.6152 11.4025
 58.2944 11.3787
 57.975 11.3787
 57.6577 11.355
 57.3422 11.3313
 57.0279 11.3313
 56.7158 11.3075
 56.4055 11.2838
 56.0963 11.2839
 55.7894 11.2601
 55.4841 11.2364
 55.1804 11.2127
 54.878 11.2127
 54.5777 11.189
 54.2791 11.1652
 53.9816 11.1653
 53.6862 11.1415
 53.3924 11.1178
 53.0998 11.1178
 52.8092 11.0941
 52.5202 11.0704
 52.2328 11.0466
 51.947 11.0229
 51.6623 11.0229
 51.3796 10.9992
 51.0984 10.9755
 50.8188 10.9517
 50.5403 10.9517
 50.2637 10.928
 49.9886 10.9043
 49.7151 10.8805
 49.7155 10.8568
 49.4434 10.8331
 49.1729 10.8093
 48.9034 10.8093
 48.6354 10.8094
 48.3692 10.7856
 48.1041 10.7856
 47.8409 10.7619
 47.5791 10.7382
 47.3187 10.7145
 47.0598 10.6907
 46.8022 10.667
 46.5461 10.6433
 46.2913 10.6195
 46.0381 10.5958
 45.7858 10.5958
 45.5352 10.5721
 45.286 10.5484
 45.0382 10.5246
 44.7917 10.5009
 44.5466 10.4772
 44.3029 10.4534
 44.0601 10.4535
 43.819 10.4297
 43.5792 10.406
 43.3407 10.3822
 43.1035 10.3585
 42.8676 10.3348
 42.6327 10.3348
 42.3994 10.3111
 42.1674 10.2873
 41.9365 10.2636
 41.937 10.2399
 41.9373 10.2161
 41.7075 10.2161
 41.7078 10.1924
 41.4792 10.1924
 41.2519 10.1924
 41.2523 10.1687
 41.0265 10.1449
 41.0269 10.1212
 40.8023 10.0974
 40.5791 10.0737
 40.357 10.05
 40.136 10.0262
 39.9165 10.0025
 39.6981 9.9788
 39.4808 9.955
 39.2648 9.9313
 39.0499 9.9076
 38.8359 9.9076
 38.8362 9.8839
 38.8365 9.8601
 38.6237 9.8601
 38.4123 9.8364
 38.2021 9.8127
 37.9928 9.8127
 37.9931 9.7889
 37.9933 9.7652
 37.7852 9.7652
 37.5781 9.7652
 37.3724 9.7415
 37.1679 9.7177
 36.9645 9.694
 36.7623 9.6703
 36.7626 9.6465
 36.7629 9.6228
 36.5617 9.599
 36.3616 9.5753
 36.1626 9.5516
 36.1629 9.5278
 35.9649 9.5041
 35.7682 9.4803
 35.5725 9.4566
 35.3778 9.4329
 35.1842 9.4091
 34.9914 9.4092
 34.9917 9.3854
 34.992 9.3616
 34.8005 9.3378
 34.6099 9.3142
 34.4205 9.2904
 34.2323 9.2667
 34.2326 9.2429
 34.0452 9.2192
 33.8589 9.1955
 33.6736 9.1718
 33.4894 9.148
 33.4896 9.1243
 33.3064 9.1005
 33.1241 9.0768
 32.9428 9.0531
 32.9431 9.0293
 32.7628 9.0056
 32.5835 8.9818
 32.4052 8.9581
 32.4055 8.9343
 32.2282 8.9106
 32.0518 8.8869
 32.0521 8.8631
 31.8767 8.8394
 31.7022 8.8157
 31.7025 8.7919
 31.529 8.7682
 31.3565 8.7444
 31.1849 8.7207
 31.1851 8.6968
 31.0145 8.6732
 30.8447 8.6495
 30.845 8.6257
 30.6762 8.6019
 30.5083 8.5782
 30.5086 8.5545
 30.3416 8.5308
 30.1756 8.507
 30.1758 8.4833
 30.0107 8.4595
 29.8465 8.4358
 29.8467 8.412
 29.6834 8.3883
 29.6836 8.3645
 29.5211 8.3408
 29.3596 8.3171
 29.3599 8.2933
 29.1992 8.2696
 29.1995 8.2458
 29.0397 8.2221
 28.8808 8.1984
 28.881 8.1746
 28.7229 8.1509
 28.7231 8.1271
 28.5659 8.1034
 28.5662 8.0796
 28.4099 8.0559
 28.2544 8.0321
 28.2547 8.0084
 28.1001 7.9847
 28.1003 7.9609
 27.9465 7.9372
 27.7936 7.9134
 27.7938 7.8897
 27.6417 7.8659
 27.6419 7.8422
 27.4907 7.8184
 27.4909 7.7947
 27.3404 7.7709
 27.3407 7.7471
 27.1911 7.7235
 27.1913 7.6997
 27.0425 7.676
 27.0427 7.6522
 26.8947 7.6284
 26.8949 7.6047
 26.7478 7.581
 26.748 7.5572
 26.6016 7.5335
 26.6018 7.5097
 26.4562 7.486
 26.4565 7.4622
 26.3117 7.4385
 26.3119 7.4147
 26.1679 7.391
 26.1681 7.3672
 26.0249 7.3435
 26.0251 7.3197
 25.8827 7.296
 25.8829 7.2723
 25.7412 7.2485
 25.7415 7.2248
 25.7417 7.201
 25.6008 7.1773
 25.6011 7.1535
 25.461 7.1298
 25.4612 7.106
 25.3218 7.0823
 25.322 7.0585
 25.3222 7.0348
 25.1837 7.011
 25.1839 6.9872
 25.0461 6.9635
 25.0463 6.9398
 24.9092 6.916
 24.9094 6.8923
 24.9096 6.8685
 24.7732 6.8448
 24.7734 6.821
 24.6379 6.7973
 24.6381 6.7734
 24.6383 6.7498
 24.5034 6.7261
 24.5037 6.7023
 24.5039 6.6785
 24.3698 6.6548
 24.37 6.631
 24.2367 6.6073
 24.2368 6.5835
 24.237 6.5598
 24.1044 6.5361
 24.1046 6.5123
 24.1048 6.4885
 23.9729 6.4647
 23.9731 6.441
 23.8418 6.4173
 23.842 6.3935
 23.8423 6.3698
 23.8425 6.346
 23.712 6.3223
 23.7122 6.2985
 23.7124 6.2748
 23.5826 6.251
 23.5828 6.2273
 23.583 6.2035
 23.454 6.1798
 23.4542 6.156
 23.4544 6.1323
 23.326 6.1085
 23.3262 6.0848
 23.3264 6.061
 23.1987 6.0373
 23.1989 6.0135
 23.1991 5.9898
 23.1993 5.966
 23.0724 5.9423
 23.0725 5.9184
 23.0727 5.8947
 22.9465 5.871
 22.9466 5.8473
 22.9468 5.8235
 22.947 5.7997
 22.8215 5.776
 22.8216 5.7522
 22.8218 5.7285
 22.822 5.7046
 22.6971 5.681
 22.6973 5.6572
 22.6975 5.6335
 22.6977 5.6097
 22.5735 5.5859
 22.5737 5.5622
 22.5737 5.5385
 22.5739 5.5147
 22.5742 5.4909
 22.4506 5.4672
 22.4509 5.4434
 22.451 5.4197
 22.4512 5.3959
 22.3284 5.3721
 22.3285 5.3484
 22.3287 5.3247
 22.3289 5.3009
 22.3291 5.2771
 22.2069 5.2534
 22.2071 5.2297
 22.2073 5.2059
 22.2074 5.1821
 22.2076 5.1584
 22.2078 5.1346
 22.0863 5.1109
 22.0865 5.0871
 22.0866 5.0634
 22.0868 5.0396
 22.087 5.0158
 22.0872 4.9921
 21.9663 4.9684
 21.9665 4.9445
 21.9667 4.9207
 21.9668 4.8971
 21.967 4.8733
 21.9672 4.8495
 21.847 4.8258
 21.8472 4.8021
 21.8474 4.7783
 21.8475 4.7545
 21.8477 4.7308
 21.8479 4.7069
 21.8481 4.6833
 21.8481 4.6595
 21.8484 4.6357
 21.8486 4.612
 21.8488 4.5882
 21.7292 4.5645
 21.7294 4.5407
 21.7296 4.517
 21.7297 4.4932
 21.7299 4.4694
 21.7301 4.4457
 21.7303 4.4219
 21.7305 4.3982
 21.7306 4.3744
 21.7308 4.3506
 21.7309 4.3269
 21.7311 4.3031
 21.7313 4.2793
 21.7315 4.2556
 21.7317 4.2318
 21.7319 4.2081
 21.7321 4.1843
 21.7322 4.1606
 21.7324 4.1368
 21.7326 4.113
 21.7328 4.0893
 21.7328 4.0655
 21.733 4.0418
 21.7332 4.018
 21.7335 3.9942
 21.7337 3.9705
 21.7338 3.9466
 21.734 3.923
 21.7342 3.8992
 21.7344 3.8754
 21.7345 3.8517
 21.7347 3.8279
 21.7349 3.8042
 21.7351 3.7804
 21.7351 3.7566
 21.7354 3.7328
 21.7356 3.709
 21.7358 3.6854
 21.736 3.6616
 21.7361 3.6378
 21.7363 3.6141
 21.7365 3.5903
